 3.056683E-004
 8.320850E-004
 9.121391E-004
 8.610160E-004
 3.218825E-004
 6.350605E-004
 6.298483E-004
 2.242917E-004
 8.698646E-004
 1.698470E-004
 9.161200E-004
 4.619946E-004
 2.607438E-004
 5.433697E-004
 2.658322E-004
 4.582927E-004
 5.385912E-004
 2.576654E-004
 5.187038E-004
 6.881661E-004
 3.343801E-004
 2.868882E-004
 7.801662E-004
 3.586769E-004
 5.901557E-004
 3.147547E-004
 8.391982E-004
 3.445137E-004
 6.726270E-004
 4.448708E-004
 2.651071E-004
 4.653803E-004
 4.612335E-004
 7.397787E-004
 1.796310E-004
 3.140302E-004
 8.629318E-004
 3.676263E-004
 3.353115E-004
 3.940668E-004
 3.867435E-004
 3.388797E-004
 6.312551E-004
 3.194979E-004
 5.152304E-004
 6.270992E-004
 6.374539E-004
 6.714872E-004
 5.441878E-004
 2.265659E-004
 4.609875E-004
 2.661475E-004
 6.314933E-004
 6.390608E-004
 8.477333E-004
 2.438627E-004
 1.961958E-004
 5.369749E-004
 8.403520E-004
 3.222404E-004
 8.406942E-004
 3.197261E-004
 8.957763E-004
 6.731306E-004
 1.208413E-004
 1.741162E-004
 5.942003E-004
 4.894653E-004
 1.697547E-004
 5.966415E-004
 3.901926E-004
 3.429581E-004
 2.861044E-004
 1.441291E-004
 1.442651E-004
 5.940951E-004
 1.790898E-004
 4.637913E-004
 1.604276E-004
 4.921934E-004
 1.935732E-004
 6.419443E-004
 2.615541E-004
 5.782658E-004
 1.288878E-004
 3.382957E-004
 8.788816E-005
 2.504910E-004
 1.040099E-004
 1.485930E-004
 4.660957E-004
 1.302968E-004
 3.063351E-004
 4.419222E-004
 2.662976E-004
 4.183685E-004
 1.472913E-004
 1.588173E-004
 9.278690E-005
 3.098318E-004
 6.388583E-005
 1.577210E-004
 2.523530E-004
 9.720682E-005
 3.137818E-004
 3.144848E-004
 4.641656E-004
 1.001177E-005
 1.053636E-005
 9.726877E-006
 1.313973E-005
 6.116445E-006
 7.221633E-006
 7.842857E-006
 6.658329E-006
 6.791791E-006
 7.325032E-006
 1.294810E-005
 1.031897E-005
 1.972351E-005
 2.997787E-005
 1.481740E-004
 5.941493E-005
 5.337968E-005
 9.931871E-005
 2.069324E-005
 2.979055E-005
 1.094459E-004
 4.943668E-005
 8.166928E-006
 2.474578E-005
 6.604975E-006
 5.500514E-006
 1.283922E-005
 1.312052E-005
 1.357479E-005
 2.280894E-005
 8.148950E-006
 4.289270E-006
 9.656622E-006
 8.854742E-006
 2.410328E-004
 1.126827E-004
 4.073301E-004
 1.921078E-004
 3.387830E-004
 3.473105E-004
 1.293357E-004
 3.001406E-004
 1.416939E-004
 1.111155E-004
 3.487958E-004
 3.158940E-004
 4.422337E-004
 3.985817E-004
 3.345959E-004
 1.315528E-004
 4.637448E-004
 3.233243E-004
 5.988009E-004
 1.683462E-004
 4.391046E-004
 3.151612E-004
 5.935759E-004
 1.721488E-004
 7.174848E-005
 1.760174E-004
 5.751002E-005
 1.022525E-004
 6.088210E-005
 2.724768E-005
 5.871092E-005
 2.808249E-005
 2.753191E-005
 7.181579E-005
 3.080826E-005
 7.218451E-005
 7.110533E-005
 1.064695E-004
 9.853197E-005
 1.702913E-004
 4.547533E-005
 4.229232E-005
 1.290793E-004
 6.673714E-005
 1.574834E-004
 2.015702E-004
 2.081574E-004
 5.201390E-004
 1.132831E-004
 1.164111E-004
 5.169147E-004
 4.578806E-006
 7.517437E-006
 9.293107E-006
 7.020524E-006
 8.249673E-006
 7.032885E-006
 6.554621E-006
 6.856290E-006
 7.402190E-006
 7.930462E-006
 6.097503E-006
 7.355319E-006
 7.327629E-006
 7.291209E-006
 7.042026E-006
 7.393764E-006
 8.037087E-006
 6.129194E-006
 6.225952E-006
 1.172650E-005
 6.563928E-006
 8.646496E-006
 9.475711E-006
 4.211856E-006
 1.024358E-005
 1.310885E-005
 1.373144E-005
 3.906307E-005
 1.355865E-005
 8.431786E-006
 2.384259E-005
 3.337323E-005
 6.872367E-005
 8.878316E-006
 5.376748E-006
 1.028114E-005
 7.294731E-006
 2.299138E-005
 9.714186E-006
 1.383304E-005
 1.322781E-005
 3.328445E-005
 3.258135E-005
 7.803095E-005
 1.045876E-005
 5.921683E-006
 1.668787E-005
 7.718609E-006
 1.421781E-005
 8.806390E-006
 1.759377E-004
 1.116192E-004
 1.099935E-004
 1.902691E-004
 1.931743E-004
 3.184874E-004
 1.011004E-004
 3.147326E-004
 1.053781E-004
 7.447513E-005
 7.562777E-005
 3.203020E-005
 2.789853E-005
 3.336305E-005
 8.321549E-005
 8.146456E-005
 1.549471E-004
 6.225460E-005
 2.405613E-004
 1.608808E-004
 6.387942E-005
 7.796462E-006
 7.611251E-006
 7.214915E-006
 9.750827E-006
 5.166395E-006
 7.558950E-006
 1.071872E-005
 9.685978E-006
 9.282914E-006
 8.588135E-006
 5.610787E-006
 1.011930E-005
 1.027900E-005
 1.361326E-005
 1.324991E-005
 2.833874E-005
 2.889742E-005
 1.390613E-005
 1.475626E-005
 3.016063E-005
 2.996452E-005
 1.800511E-005
 7.700137E-006
 1.197740E-005
 1.201090E-004
 3.195958E-005
 3.288638E-005
 6.278495E-005
 2.858548E-005
 6.605016E-005
 2.895913E-005
 1.184538E-004
 1.306501E-005
 6.723735E-006
 5.749855E-006
 1.367007E-005
 8.640873E-006
 1.337996E-005
 1.079358E-005
 2.498487E-005
 8.005986E-006
 2.601207E-005
 8.167352E-006
 5.078918E-005
 2.166236E-005
 3.260933E-005
