 3.867740E-004
 1.053321E-003
 1.154357E-003
 1.089156E-003
 4.072633E-004
 8.035006E-004
 7.972719E-004
 2.837601E-004
 1.100442E-003
 2.149494E-004
 1.159101E-003
 5.845585E-004
 3.301706E-004
 6.875122E-004
 3.362599E-004
 5.799195E-004
 6.815786E-004
 3.257495E-004
 6.560978E-004
 8.704447E-004
 4.229661E-004
 3.629535E-004
 9.871161E-004
 4.539619E-004
 7.469032E-004
 3.980411E-004
 1.062000E-003
 4.362449E-004
 8.512015E-004
 5.631589E-004
 3.349111E-004
 5.885234E-004
 5.830932E-004
 9.357737E-004
 2.270444E-004
 3.971216E-004
 1.091946E-003
 4.654803E-004
 4.243360E-004
 4.991778E-004
 4.893149E-004
 4.292817E-004
 7.995874E-004
 4.047571E-004
 6.524057E-004
 7.937039E-004
 8.064669E-004
 8.488941E-004
 6.881907E-004
 2.864000E-004
 5.826885E-004
 3.365092E-004
 7.987638E-004
 8.082977E-004
 1.071628E-003
 3.081446E-004
 2.480759E-004
 6.791795E-004
 1.063010E-003
 4.074594E-004
 1.063458E-003
 4.041261E-004
 1.134025E-003
 8.573472E-004
 1.539685E-004
 2.229662E-004
 7.588398E-004
 6.285015E-004
 2.170639E-004
 7.621221E-004
 4.998143E-004
 4.397567E-004
 3.683865E-004
 1.859778E-004
 1.841827E-004
 7.579703E-004
 2.291963E-004
 5.948155E-004
 2.061840E-004
 6.320293E-004
 2.478389E-004
 8.196652E-004
 3.344366E-004
 7.381396E-004
 1.643203E-004
 4.355351E-004
 1.134965E-004
 3.232244E-004
 1.336022E-004
 1.907957E-004
 5.977139E-004
 1.670221E-004
 3.924631E-004
 5.662433E-004
 3.415824E-004
 5.367504E-004
 1.903560E-004
 2.054059E-004
 1.197623E-004
 3.992883E-004
 8.262247E-005
 2.040502E-004
 3.257198E-004
 1.254583E-004
 4.042865E-004
 4.030527E-004
 5.943289E-004
 1.297520E-005
 1.365202E-005
 1.260667E-005
 1.703445E-005
 7.925189E-006
 9.361631E-006
 1.016235E-005
 8.627243E-006
 8.809817E-006
 9.493228E-006
 1.677075E-005
 1.336889E-005
 2.553803E-005
 3.881794E-005
 1.915965E-004
 7.689370E-005
 6.911497E-005
 1.285434E-004
 2.682823E-005
 3.861988E-005
 1.417150E-004
 6.407681E-005
 1.058189E-005
 3.208116E-005
 8.563878E-006
 7.129961E-006
 1.664790E-005
 1.699784E-005
 1.759529E-005
 2.954084E-005
 1.056032E-005
 5.557461E-006
 1.251102E-005
 1.147305E-005
 3.093414E-004
 1.444371E-004
 5.225504E-004
 2.459599E-004
 4.339931E-004
 4.451093E-004
 1.669925E-004
 3.863191E-004
 1.830855E-004
 1.435340E-004
 4.492285E-004
 4.053431E-004
 5.668516E-004
 5.110994E-004
 4.291987E-004
 1.682036E-004
 5.940725E-004
 4.144083E-004
 7.661337E-004
 2.157813E-004
 5.624437E-004
 4.039838E-004
 7.594647E-004
 2.206390E-004
 9.281184E-005
 2.275079E-004
 7.444168E-005
 1.323322E-004
 7.885227E-005
 3.529043E-005
 7.608607E-005
 3.637860E-005
 3.568783E-005
 9.298997E-005
 3.991065E-005
 9.347633E-005
 9.213537E-005
 1.376796E-004
 1.274434E-004
 2.201960E-004
 5.882838E-005
 5.467997E-005
 1.670409E-004
 8.633107E-005
 2.037073E-004
 2.602078E-004
 2.686039E-004
 6.672042E-004
 1.455054E-004
 1.491789E-004
 6.629593E-004
 5.935461E-006
 9.744076E-006
 1.204687E-005
 9.097587E-006
 1.069087E-005
 9.113390E-006
 8.496453E-006
 8.889826E-006
 9.595910E-006
 1.028248E-005
 7.908795E-006
 9.538334E-006
 9.499538E-006
 9.453955E-006
 9.129893E-006
 9.581131E-006
 1.041901E-005
 7.943103E-006
 8.066740E-006
 1.518780E-005
 8.503995E-006
 1.120452E-005
 1.227688E-005
 5.457375E-006
 1.327265E-005
 1.697900E-005
 1.779290E-005
 5.058765E-005
 1.756740E-005
 1.092879E-005
 3.087881E-005
 4.323431E-005
 8.898202E-005
 1.151234E-005
 6.971128E-006
 1.333224E-005
 9.459080E-006
 2.980677E-005
 1.259595E-005
 1.793664E-005
 1.714787E-005
 4.314291E-005
 4.219743E-005
 1.010830E-004
 1.356266E-005
 7.673886E-006
 2.163968E-005
 1.000671E-005
 1.842001E-005
 1.141524E-005
 2.274627E-004
 1.442385E-004
 1.425895E-004
 2.461579E-004
 2.495161E-004
 4.107537E-004
 1.305019E-004
 4.057832E-004
 1.359376E-004
 9.652504E-005
 9.791497E-005
 4.153920E-005
 3.615794E-005
 4.326278E-005
 1.077653E-004
 1.055219E-004
 2.004862E-004
 8.049910E-005
 3.107926E-004
 2.082868E-004
 8.261620E-005
 1.010908E-005
 9.864673E-006
 9.354280E-006
 1.264601E-005
 6.698579E-006
 9.803319E-006
 1.389979E-005
 1.256266E-005
 1.203570E-005
 1.113301E-005
 7.274225E-006
 1.311320E-005
 1.332314E-005
 1.764866E-005
 1.716610E-005
 3.673841E-005
 3.743195E-005
 1.803420E-005
 1.913577E-005
 3.910422E-005
 3.884584E-005
 2.335281E-005
 9.978123E-006
 1.553177E-005
 1.555138E-004
 4.135409E-005
 4.262780E-005
 8.138746E-005
 3.701581E-005
 8.560226E-005
 3.753332E-005
 1.534035E-004
 1.694590E-005
 8.716691E-006
 7.456965E-006
 1.772990E-005
 1.120736E-005
 1.735078E-005
 1.399187E-005
 3.240122E-005
 1.037588E-005
 3.373347E-005
 1.059149E-005
 6.584790E-005
 2.809474E-005
 4.228597E-005
