 1.491598E-004
 4.056780E-004
 4.449795E-004
 4.204331E-004
 1.570783E-004
 3.099424E-004
 3.071022E-004
 1.094888E-004
 4.246916E-004
 8.284115E-005
 4.471522E-004
 2.254697E-004
 1.270335E-004
 2.652005E-004
 1.297998E-004
 2.236062E-004
 2.627637E-004
 1.259400E-004
 2.532865E-004
 3.360548E-004
 1.632551E-004
 1.400262E-004
 3.807340E-004
 1.749233E-004
 2.878553E-004
 1.537604E-004
 4.094138E-004
 1.678370E-004
 3.281230E-004
 2.168681E-004
 1.297898E-004
 2.273899E-004
 2.254756E-004
 3.612276E-004
 8.783374E-005
 1.534428E-004
 4.211126E-004
 1.791219E-004
 1.635719E-004
 1.918298E-004
 1.887522E-004
 1.649691E-004
 3.073338E-004
 1.554905E-004
 2.510017E-004
 3.058331E-004
 3.111423E-004
 3.282652E-004
 2.658492E-004
 1.107527E-004
 2.254342E-004
 1.300839E-004
 3.083953E-004
 3.121154E-004
 4.144962E-004
 1.193202E-004
 9.584498E-005
 2.622452E-004
 4.103587E-004
 1.574418E-004
 4.105177E-004
 1.563683E-004
 4.367114E-004
 3.242698E-004
 5.816386E-005
 8.295593E-005
 2.846642E-004
 2.320237E-004
 8.115554E-005
 2.857595E-004
 1.858603E-004
 1.630063E-004
 1.349485E-004
 6.769158E-005
 6.916466E-005
 2.851741E-004
 8.545685E-005
 2.203811E-004
 7.591823E-005
 2.333118E-004
 9.226536E-005
 3.076130E-004
 1.250165E-004
 2.772490E-004
 6.197647E-005
 1.595938E-004
 4.121348E-005
 1.176808E-004
 4.927394E-005
 7.043520E-005
 2.214975E-004
 6.201212E-005
 1.458821E-004
 2.103500E-004
 1.264991E-004
 1.986367E-004
 6.899135E-005
 7.427763E-005
 4.356399E-005
 1.458737E-004
 2.988745E-005
 7.372748E-005
 1.184742E-004
 4.565137E-005
 1.478092E-004
 1.496385E-004
 2.212351E-004
 4.665544E-006
 4.912360E-006
 4.532220E-006
 6.118986E-006
 2.851531E-006
 3.363545E-006
 3.656419E-006
 3.104213E-006
 3.159503E-006
 3.413963E-006
 6.041535E-006
 4.812114E-006
 9.209119E-006
 1.399498E-005
 6.934744E-005
 2.775834E-005
 2.492301E-005
 4.640520E-005
 9.635164E-006
 1.387333E-005
 5.108122E-005
 2.303060E-005
 3.807663E-006
 1.152326E-005
 3.075137E-006
 2.562224E-006
 5.976771E-006
 6.119096E-006
 6.324045E-006
 1.064405E-005
 3.798006E-006
 1.999959E-006
 4.503116E-006
 4.128441E-006
 1.144043E-004
 5.362645E-005
 1.934425E-004
 9.162533E-005
 1.613798E-004
 1.652358E-004
 6.067786E-005
 1.416552E-004
 6.635824E-005
 5.208754E-005
 1.644081E-004
 1.499293E-004
 2.103109E-004
 1.894067E-004
 1.588941E-004
 6.289970E-005
 2.207786E-004
 1.537811E-004
 2.857554E-004
 8.006114E-005
 2.091538E-004
 1.499329E-004
 2.832666E-004
 8.189324E-005
 3.355084E-005
 8.243771E-005
 2.685908E-005
 4.777799E-005
 2.839979E-005
 1.271326E-005
 2.735928E-005
 1.309859E-005
 1.282484E-005
 3.352586E-005
 1.436753E-005
 3.368966E-005
 3.314301E-005
 4.982059E-005
 4.608971E-005
 7.968272E-005
 2.126398E-005
 1.979792E-005
 6.030944E-005
 3.120673E-005
 7.364505E-005
 9.461628E-005
 9.778331E-005
 2.470047E-004
 5.368018E-005
 5.542217E-005
 2.455378E-004
 2.132743E-006
 3.502041E-006
 4.328339E-006
 3.272562E-006
 3.845124E-006
 3.278485E-006
 3.053271E-006
 3.192125E-006
 3.447636E-006
 3.692308E-006
 2.836855E-006
 3.423639E-006
 3.412801E-006
 3.394647E-006
 3.279437E-006
 3.446700E-006
 3.743503E-006
 2.856857E-006
 2.903122E-006
 5.472118E-006
 3.061040E-006
 4.030703E-006
 4.418783E-006
 1.963793E-006
 4.776260E-006
 6.116665E-006
 6.401351E-006
 1.823194E-005
 6.321562E-006
 3.928872E-006
 1.112704E-005
 1.556398E-005
 3.208608E-005
 4.132972E-006
 2.503534E-006
 4.785281E-006
 3.395756E-006
 1.070602E-005
 4.522173E-006
 6.439307E-006
 6.160831E-006
 1.550471E-005
 1.520129E-005
 3.638965E-005
 4.868258E-006
 2.760105E-006
 7.767574E-006
 3.594821E-006
 6.630634E-006
 4.102293E-006
 8.234768E-005
 5.229695E-005
 5.120395E-005
 8.893411E-005
 9.056746E-005
 1.497241E-004
 4.745965E-005
 1.480602E-004
 4.952609E-005
 3.470155E-005
 3.531158E-005
 1.490746E-005
 1.300046E-005
 1.552988E-005
 3.883237E-005
 3.799625E-005
 7.241709E-005
 2.912994E-005
 1.127297E-004
 7.510458E-005
 2.988102E-005
 3.629984E-006
 3.546753E-006
 3.359567E-006
 4.537839E-006
 2.405606E-006
 3.517762E-006
 4.988959E-006
 4.506948E-006
 4.322730E-006
 4.000481E-006
 2.612956E-006
 4.717196E-006
 4.789476E-006
 6.340352E-006
 6.179341E-006
 1.319884E-005
 1.348086E-005
 6.472132E-006
 6.867891E-006
 1.404398E-005
 1.395410E-005
 8.378293E-006
 3.589422E-006
 5.574953E-006
 5.606666E-005
 1.493741E-005
 1.531441E-005
 2.924586E-005
 1.334269E-005
 3.077773E-005
 1.349138E-005
 5.527003E-005
 6.079252E-006
 3.131609E-006
 2.675883E-006
 6.361165E-006
 4.020587E-006
 6.228399E-006
 5.027956E-006
 1.162926E-005
 3.731120E-006
 1.210708E-005
 3.801340E-006
 2.365084E-005
 1.008116E-005
 1.517980E-005
