 7.367560E-005
 2.002864E-004
 2.197662E-004
 2.077431E-004
 7.758444E-005
 1.531024E-004
 1.516224E-004
 5.409128E-005
 2.098340E-004
 4.090474E-005
 2.208981E-004
 1.113773E-004
 6.269185E-005
 1.310096E-004
 6.413152E-005
 1.104363E-004
 1.297750E-004
 6.225278E-005
 1.251459E-004
 1.660490E-004
 8.065296E-005
 6.916844E-005
 1.880619E-004
 8.637182E-005
 1.421491E-004
 7.598605E-005
 2.022014E-004
 8.282414E-005
 1.620400E-004
 1.070575E-004
 6.421372E-005
 1.123967E-004
 1.114700E-004
 1.784812E-004
 4.342385E-005
 7.584660E-005
 2.080220E-004
 8.839940E-005
 8.077836E-005
 9.462644E-005
 9.323710E-005
 8.138102E-005
 1.516152E-004
 7.668913E-005
 1.238597E-004
 1.510146E-004
 1.536982E-004
 1.622893E-004
 1.313847E-004
 5.474564E-005
 1.114699E-004
 6.430754E-005
 1.523912E-004
 1.542343E-004
 2.049405E-004
 5.901400E-005
 4.735872E-005
 1.295840E-004
 2.027702E-004
 7.780721E-005
 2.028481E-004
 7.732525E-005
 2.156135E-004
 1.591671E-004
 2.853546E-005
 4.048981E-005
 1.393265E-004
 1.129844E-004
 3.968878E-005
 1.398592E-004
 9.072287E-005
 7.947547E-005
 6.556617E-005
 3.281820E-005
 3.386694E-005
 1.397156E-004
 4.174819E-005
 1.074423E-004
 3.693802E-005
 1.136140E-004
 4.504492E-005
 1.505699E-004
 6.112493E-005
 1.357419E-004
 3.039424E-005
 7.754445E-005
 1.996586E-005
 5.707094E-005
 2.398776E-005
 3.429650E-005
 1.079873E-004
 3.026549E-005
 7.120419E-005
 1.026348E-004
 6.166396E-005
 9.679829E-005
 3.341074E-005
 3.594331E-005
 2.111981E-005
 7.080709E-005
 1.446592E-005
 3.566951E-005
 5.743258E-005
 2.213606E-005
 7.176683E-005
 7.300272E-005
 1.080141E-004
 2.254081E-006
 2.373931E-006
 2.189516E-006
 2.955200E-006
 1.377968E-006
 1.624609E-006
 1.766976E-006
 1.500085E-006
 1.525148E-006
 1.649638E-006
 2.920837E-006
 2.325770E-006
 4.453769E-006
 6.767811E-006
 3.357243E-005
 1.342655E-005
 1.205298E-005
 2.244896E-005
 4.652924E-006
 6.700208E-006
 2.469539E-005
 1.112465E-005
 1.840075E-006
 5.565081E-006
 1.485017E-006
 1.237621E-006
 2.885948E-006
 2.957595E-006
 3.054871E-006
 5.146350E-006
 1.835089E-006
 9.665504E-007
 2.176413E-006
 1.995134E-006
 5.575186E-005
 2.617028E-005
 9.428224E-005
 4.475987E-005
 7.878188E-005
 8.059955E-005
 2.940419E-005
 6.884201E-005
 3.212454E-005
 2.523280E-005
 7.984796E-005
 7.304851E-005
 1.025621E-004
 9.233448E-005
 7.743461E-005
 3.076228E-005
 1.077201E-004
 7.499939E-005
 1.395814E-004
 3.904294E-005
 1.020863E-004
 7.314371E-005
 1.383706E-004
 3.994418E-005
 1.623558E-005
 3.992258E-005
 1.298950E-005
 2.311272E-005
 1.372607E-005
 6.145908E-006
 1.321756E-005
 6.331367E-006
 6.194765E-006
 1.621178E-005
 6.943747E-006
 1.628857E-005
 1.601339E-005
 2.411675E-005
 2.230749E-005
 3.856877E-005
 1.028973E-005
 9.585671E-006
 2.917156E-005
 1.510110E-005
 3.563718E-005
 4.586546E-005
 4.741789E-005
 1.203753E-004
 2.613839E-005
 2.705039E-005
 1.196697E-004
 1.030148E-006
 1.691674E-006
 2.090585E-006
 1.581381E-006
 1.857952E-006
 1.584285E-006
 1.474844E-006
 1.541520E-006
 1.665264E-006
 1.783080E-006
 1.369483E-006
 1.653188E-006
 1.648437E-006
 1.639380E-006
 1.583966E-006
 1.665585E-006
 1.808264E-006
 1.380502E-006
 1.403108E-006
 2.645708E-006
 1.479470E-006
 1.947824E-006
 2.135721E-006
 9.490804E-007
 2.308368E-006
 2.957234E-006
 3.093386E-006
 8.815585E-006
 3.054902E-006
 1.898211E-006
 5.380048E-006
 7.522326E-006
 1.551666E-005
 1.995728E-006
 1.209052E-006
 2.310520E-006
 1.639754E-006
 5.170287E-006
 2.183669E-006
 3.109266E-006
 2.975698E-006
 7.489066E-006
 7.348298E-006
 1.758635E-005
 2.350754E-006
 1.333673E-006
 3.750534E-006
 1.736374E-006
 3.204852E-006
 1.981598E-006
 3.986394E-005
 2.533019E-005
 2.471992E-005
 4.302353E-005
 4.387700E-005
 7.262406E-005
 2.300692E-005
 7.184274E-005
 2.402136E-005
 1.676472E-005
 1.707656E-005
 7.198164E-006
 6.281059E-006
 7.498825E-006
 1.877315E-005
 1.836386E-005
 3.503366E-005
 1.409982E-005
 5.459923E-005
 3.631393E-005
 1.446177E-005
 1.753080E-006
 1.713591E-006
 1.622518E-006
 2.191015E-006
 1.161803E-006
 1.698479E-006
 2.408890E-006
 2.175885E-006
 2.087833E-006
 1.932484E-006
 1.262060E-006
 2.279561E-006
 2.313971E-006
 3.062608E-006
 2.986794E-006
 6.375415E-006
 6.516810E-006
 3.125039E-006
 3.315997E-006
 6.782662E-006
 6.739211E-006
 4.045159E-006
 1.734508E-006
 2.691864E-006
 2.710875E-005
 7.226844E-006
 7.395159E-006
 1.412716E-005
 6.451509E-006
 1.486928E-005
 6.516850E-006
 2.671772E-005
 2.935103E-006
 1.512664E-006
 1.291993E-006
 3.071259E-006
 1.941085E-006
 3.007742E-006
 2.428869E-006
 5.615518E-006
 1.802808E-006
 5.846123E-006
 1.835455E-006
 1.142279E-005
 4.867582E-006
 7.330329E-006
