 2.264761E-004
 6.162383E-004
 6.757226E-004
 6.381468E-004
 2.384982E-004
 4.705661E-004
 4.664827E-004
 1.662111E-004
 6.446554E-004
 1.258159E-004
 6.788453E-004
 3.423186E-004
 1.930402E-004
 4.026248E-004
 1.970219E-004
 3.395386E-004
 3.990094E-004
 1.910692E-004
 3.844513E-004
 5.100631E-004
 2.478192E-004
 2.125884E-004
 5.780680E-004
 2.656767E-004
 4.371634E-004
 2.333380E-004
 6.217052E-004
 2.550544E-004
 4.982907E-004
 3.294551E-004
 1.967432E-004
 3.450254E-004
 3.420442E-004
 5.482928E-004
 1.332313E-004
 2.328199E-004
 6.393657E-004
 2.721843E-004
 2.484020E-004
 2.916289E-004
 2.865706E-004
 2.507874E-004
 4.671897E-004
 2.364165E-004
 3.814422E-004
 4.644997E-004
 4.723681E-004
 4.979691E-004
 4.034271E-004
 1.680209E-004
 3.419204E-004
 1.973508E-004
 4.680646E-004
 4.736936E-004
 6.287226E-004
 1.809281E-004
 1.454543E-004
 3.980182E-004
 6.228415E-004
 2.389098E-004
 6.230879E-004
 2.371535E-004
 6.633828E-004
 4.955111E-004
 8.891892E-005
 1.274710E-004
 4.362121E-004
 3.574098E-004
 1.244807E-004
 4.379333E-004
 2.856104E-004
 2.507690E-004
 2.083765E-004
 1.047480E-004
 1.059443E-004
 4.365618E-004
 1.312065E-004
 3.390700E-004
 1.170433E-004
 3.593943E-004
 1.417440E-004
 4.713282E-004
 1.917852E-004
 4.246921E-004
 9.479015E-005
 2.464131E-004
 6.382425E-005
 1.820664E-004
 7.592391E-005
 1.085026E-004
 3.407763E-004
 9.532445E-005
 2.241986E-004
 3.233654E-004
 1.946554E-004
 3.057431E-004
 1.068948E-004
 1.151727E-004
 6.742053E-005
 2.254546E-004
 4.633464E-005
 1.143469E-004
 1.833603E-004
 7.064010E-005
 2.283853E-004
 2.300715E-004
 3.398739E-004
 7.246792E-006
 7.628294E-006
 7.040160E-006
 9.507704E-006
 4.428203E-006
 5.225839E-006
 5.678065E-006
 4.820560E-006
 4.911791E-006
 5.302281E-006
 9.377994E-006
 7.471747E-006
 1.429003E-005
 2.171799E-005
 1.074874E-004
 4.306269E-005
 3.867446E-005
 7.198497E-005
 1.497234E-005
 2.155629E-005
 7.928409E-005
 3.577855E-005
 5.912838E-006
 1.790530E-005
 4.778678E-006
 3.980632E-006
 9.288518E-006
 9.500673E-006
 9.824369E-006
 1.652109E-005
 5.898842E-006
 3.105540E-006
 6.992045E-006
 6.410872E-006
 1.761085E-004
 8.243797E-005
 2.977078E-004
 1.407016E-004
 2.479781E-004
 2.540773E-004
 9.394329E-005
 2.186699E-004
 1.028331E-004
 8.067454E-005
 2.539562E-004
 2.308150E-004
 3.234577E-004
 2.914169E-004
 2.445520E-004
 9.647346E-005
 3.393798E-004
 2.364999E-004
 4.387466E-004
 1.231332E-004
 3.214148E-004
 2.305406E-004
 4.349176E-004
 1.259302E-004
 5.202553E-005
 1.277329E-004
 4.167472E-005
 7.411386E-005
 4.409209E-005
 1.973489E-005
 4.249690E-005
 2.033608E-005
 1.992442E-005
 5.202832E-005
 2.230848E-005
 5.228943E-005
 5.147489E-005
 7.722815E-005
 7.145682E-005
 1.235230E-004
 3.297358E-005
 3.068291E-005
 9.355816E-005
 4.839111E-005
 1.141961E-004
 1.464462E-004
 1.512909E-004
 3.801616E-004
 8.270102E-005
 8.518364E-005
 3.778599E-004
 3.313491E-006
 5.440457E-006
 6.724842E-006
 5.082321E-006
 5.971834E-006
 5.091393E-006
 4.743464E-006
 4.960475E-006
 5.356451E-006
 5.737690E-006
 4.409939E-006
 5.320815E-006
 5.302387E-006
 5.275110E-006
 5.095425E-006
 5.352620E-006
 5.815952E-006
 4.436847E-006
 4.507823E-006
 8.493644E-006
 4.752819E-006
 6.259521E-006
 6.861018E-006
 3.049411E-006
 7.416523E-006
 9.494474E-006
 9.940983E-006
 2.829662E-005
 9.816590E-006
 6.102716E-006
 1.727025E-005
 2.416575E-005
 4.979086E-005
 6.422964E-006
 3.890228E-006
 7.437288E-006
 5.277280E-006
 1.663572E-005
 7.027763E-006
 1.000742E-005
 9.571999E-006
 2.408785E-005
 2.359782E-005
 5.650304E-005
 7.565917E-006
 4.286676E-006
 1.207215E-005
 5.585208E-006
 1.029500E-005
 6.373098E-006
 1.276369E-004
 8.101669E-005
 7.958090E-005
 1.379395E-004
 1.402629E-004
 2.315777E-004
 7.345532E-005
 2.289241E-004
 7.660981E-005
 5.390366E-005
 5.479510E-005
 2.316931E-005
 2.019319E-005
 2.413546E-005
 6.027636E-005
 5.899376E-005
 1.123239E-004
 4.515691E-005
 1.746295E-004
 1.165581E-004
 4.632770E-005
 5.640708E-006
 5.509058E-006
 5.220282E-006
 7.053070E-006
 3.738004E-006
 5.467608E-006
 7.753812E-006
 7.005654E-006
 6.716630E-006
 6.214940E-006
 4.059854E-006
 7.325667E-006
 7.439597E-006
 9.850711E-006
 9.594187E-006
 2.050644E-005
 2.092775E-005
 1.005915E-005
 1.067433E-005
 2.182231E-005
 2.168194E-005
 1.302285E-005
 5.574366E-006
 8.664452E-006
 8.701447E-005
 2.316811E-005
 2.379698E-005
 4.543553E-005
 2.070788E-005
 4.780743E-005
 2.095896E-005
 8.579680E-005
 9.449518E-006
 4.865424E-006
 4.159073E-006
 9.887474E-006
 6.249679E-006
 9.679327E-006
 7.811045E-006
 1.807362E-005
 5.795060E-006
 1.881651E-005
 5.908077E-006
 3.674886E-005
 1.566891E-005
 2.359046E-005
