 4.699245E-004
 1.280303E-003
 1.402783E-003
 1.322942E-003
 4.947713E-004
 9.761545E-004
 9.690186E-004
 3.447140E-004
 1.336776E-003
 2.611901E-004
 1.408193E-003
 7.102114E-004
 4.014269E-004
 8.352945E-004
 4.084149E-004
 7.046107E-004
 8.282066E-004
 3.954212E-004
 7.968452E-004
 1.057191E-003
 5.137071E-004
 4.408991E-004
 1.199243E-003
 5.516790E-004
 9.076568E-004
 4.833243E-004
 1.290473E-003
 5.303825E-004
 1.034287E-003
 6.844994E-004
 4.062655E-004
 7.146656E-004
 7.078137E-004
 1.136591E-003
 2.755383E-004
 4.822377E-004
 1.326809E-003
 5.658902E-004
 5.156130E-004
 6.071158E-004
 5.944473E-004
 5.221320E-004
 9.724353E-004
 4.923122E-004
 7.931646E-004
 9.645779E-004
 9.796700E-004
 1.030469E-003
 8.356610E-004
 3.476053E-004
 7.072174E-004
 4.085520E-004
 9.701510E-004
 9.816796E-004
 1.300768E-003
 3.738674E-004
 3.011616E-004
 8.248615E-004
 1.291195E-003
 4.946928E-004
 1.291757E-003
 4.904903E-004
 1.378536E-003
 1.048587E-003
 1.883752E-004
 2.741502E-004
 9.305254E-004
 7.749909E-004
 2.665486E-004
 9.347948E-004
 6.148059E-004
 5.414565E-004
 4.555808E-004
 2.304913E-004
 2.257984E-004
 9.285652E-004
 2.816747E-004
 7.325647E-004
 2.544809E-004
 7.793847E-004
 3.046885E-004
 1.004891E-003
 4.106268E-004
 9.046553E-004
 2.011804E-004
 5.385467E-004
 1.407740E-004
 4.006348E-004
 1.648059E-004
 2.352473E-004
 7.360379E-004
 2.056372E-004
 4.828504E-004
 6.966871E-004
 4.207514E-004
 6.612598E-004
 2.363240E-004
 2.551984E-004
 1.484816E-004
 4.942201E-004
 1.026532E-004
 2.536021E-004
 4.038264E-004
 1.555394E-004
 5.003021E-004
 4.960508E-004
 7.307268E-004
 1.615646E-005
 1.699559E-005
 1.569833E-005
 2.121736E-005
 9.866209E-006
 1.165989E-005
 1.265173E-005
 1.074012E-005
 1.097935E-005
 1.182129E-005
 2.087084E-005
 1.664140E-005
 3.177120E-005
 4.829538E-005
 2.380072E-004
 9.560344E-005
 8.598104E-005
 1.598404E-004
 3.341722E-005
 4.810179E-005
 1.762882E-004
 7.979351E-005
 1.317348E-005
 3.995941E-005
 1.066831E-005
 8.879607E-006
 2.073955E-005
 2.115795E-005
 2.191220E-005
 3.676062E-005
 1.314875E-005
 6.918418E-006
 1.557389E-005
 1.428292E-005
 3.812793E-004
 1.778161E-004
 6.437418E-004
 3.024377E-004
 5.339175E-004
 5.477554E-004
 2.071006E-004
 4.775631E-004
 2.272057E-004
 1.780970E-004
 5.556793E-004
 4.994394E-004
 6.976600E-004
 6.292891E-004
 5.286356E-004
 2.065335E-004
 7.307004E-004
 5.100053E-004
 9.411373E-004
 2.655736E-004
 6.917895E-004
 4.973020E-004
 9.329840E-004
 2.715477E-004
 1.153381E-004
 2.824946E-004
 9.257125E-005
 1.645361E-004
 9.811157E-005
 4.391434E-005
 9.473392E-005
 4.527814E-005
 4.444546E-005
 1.156852E-004
 4.967338E-005
 1.162988E-004
 1.146981E-004
 1.710379E-004
 1.583616E-004
 2.735157E-004
 7.311133E-005
 6.791772E-005
 2.076668E-004
 1.072876E-004
 2.531355E-004
 3.226570E-004
 3.329325E-004
 8.217803E-004
 1.794839E-004
 1.835997E-004
 8.164110E-004
 7.392351E-006
 1.213496E-005
 1.500419E-005
 1.132720E-005
 1.331150E-005
 1.134660E-005
 1.058172E-005
 1.107453E-005
 1.195211E-005
 1.280931E-005
 9.855909E-006
 1.188448E-005
 1.183255E-005
 1.177776E-005
 1.137296E-005
 1.192916E-005
 1.297757E-005
 9.890625E-006
 1.004232E-005
 1.890011E-005
 1.058569E-005
 1.395052E-005
 1.528295E-005
 6.794170E-006
 1.652373E-005
 2.113019E-005
 2.215185E-005
 6.294467E-005
 2.186875E-005
 1.361039E-005
 3.842468E-005
 5.381192E-005
 1.106946E-004
 1.434248E-005
 8.683906E-006
 1.661078E-005
 1.178470E-005
 3.712626E-005
 1.569206E-005
 2.234512E-005
 2.135787E-005
 5.372693E-005
 5.250617E-005
 1.258039E-004
 1.689836E-005
 9.554797E-006
 2.696029E-005
 1.246482E-005
 2.292918E-005
 1.421681E-005
 2.824958E-004
 1.790543E-004
 1.775634E-004
 3.059181E-004
 3.095778E-004
 5.087906E-004
 1.618049E-004
 5.024868E-004
 1.684347E-004
 1.201962E-004
 1.217957E-004
 5.176046E-005
 4.502585E-005
 5.390034E-005
 1.340781E-004
 1.313155E-004
 2.492061E-004
 9.999206E-005
 3.856846E-004
 2.590582E-004
 1.026445E-004
 1.259403E-005
 1.228420E-005
 1.165255E-005
 1.575808E-005
 8.344767E-006
 1.221578E-005
 1.731813E-005
 1.565495E-005
 1.499343E-005
 1.386652E-005
 9.061249E-006
 1.632718E-005
 1.659228E-005
 2.198388E-005
 2.136852E-005
 4.576128E-005
 4.658667E-005
 2.247100E-005
 2.384181E-005
 4.871239E-005
 4.838368E-005
 2.910217E-005
 1.242328E-005
 1.935111E-005
 1.934443E-004
 5.140772E-005
 5.308062E-005
 1.013652E-004
 4.605196E-005
 1.065901E-004
 4.673598E-005
 1.908599E-004
 2.111847E-005
 1.085757E-005
 9.291819E-006
 2.209433E-005
 1.396639E-005
 2.161855E-005
 1.742722E-005
 4.037255E-005
 1.292043E-005
 4.203253E-005
 1.319662E-005
 8.202453E-005
 3.500938E-005
 5.268509E-005
