 3.469067E+000
 3.363725E+000
 3.317982E+000
 3.398066E+000
 3.292010E+000
 3.408469E+000
 3.150049E+000
 3.158858E+000
 3.239812E+000
 3.101030E+000
 3.129945E+000
 3.314187E+000
 3.110764E+000
 3.403938E+000
 3.452802E+000
 3.163332E+000
 3.301798E+000
 3.322922E+000
 3.154858E+000
 3.318805E+000
 3.183402E+000
 3.655694E+000
 3.218824E+000
 3.268681E+000
 3.240787E+000
 3.350209E+000
 3.145287E+000
 3.176812E+000
 3.261860E+000
 3.371192E+000
 3.545685E+000
 4.680277E+000
 4.784750E+000
 4.900073E+000
 4.644818E+000
 4.794311E+000
 4.849201E+000
 4.797926E+000
 4.888857E+000
 4.913246E+000
 4.856939E+000
 4.740378E+000
 4.832493E+000
 4.843580E+000
 4.865094E+000
 4.734673E+000
 4.845186E+000
 4.860120E+000
 4.841834E+000
 4.842167E+000
 4.840593E+000
 4.866922E+000
 4.896185E+000
 4.842827E+000
 4.842828E+000
 4.842828E+000
 4.842829E+000
 4.842830E+000
 4.842827E+000
 4.842859E+000
 4.841171E+000
 4.842702E+000
 4.843115E+000
 4.842825E+000
 4.842864E+000
 4.843962E+000
 4.842681E+000
 4.842825E+000
 4.842830E+000
 4.842829E+000
 4.842824E+000
 4.842827E+000
 4.761326E+000
 4.765203E+000
 4.863587E+000
 4.882233E+000
 4.861007E+000
 4.728488E+000
 4.828922E+000
 4.804280E+000
 4.717575E+000
 4.845074E+000
 4.839848E+000
 4.839518E+000
 4.842987E+000
 4.842832E+000
 4.843351E+000
 4.841422E+000
 4.852015E+000
 4.840063E+000
 4.839314E+000
 4.864119E+000
 4.697906E+000
 4.909815E+000
 4.842829E+000
 4.842828E+000
 4.842828E+000
 4.842828E+000
 4.842828E+000
 4.842828E+000
 4.842827E+000
 4.842828E+000
 4.842826E+000
 4.842757E+000
 4.842833E+000
 4.843259E+000
 4.842829E+000
 4.842834E+000
 4.842828E+000
 4.842767E+000
 4.843334E+000
 4.842822E+000
 4.842831E+000
 4.839641E+000
 4.853195E+000
 4.893481E+000
 4.885188E+000
 4.843387E+000
 4.842877E+000
 4.841738E+000
 4.836854E+000
 4.841859E+000
 4.837534E+000
 4.842829E+000
 4.842829E+000
 4.842826E+000
 4.842828E+000
 4.842828E+000
 4.842830E+000
 4.842798E+000
 4.842832E+000
 4.842830E+000
 4.842821E+000
 4.840869E+000
 4.842913E+000
 4.843066E+000
 4.844785E+000
 4.842828E+000
 4.842829E+000
 4.842827E+000
 4.842831E+000
 4.842821E+000
 4.842808E+000
 4.842830E+000
 4.842831E+000
