 2.157200E+001
 2.081115E+001
 2.046306E+001
 2.103587E+001
 2.029662E+001
 2.110295E+001
 1.928354E+001
 1.932498E+001
 1.999288E+001
 1.888524E+001
 1.896513E+001
 2.035961E+001
 1.897297E+001
 2.110520E+001
 2.139338E+001
 1.937064E+001
 2.036563E+001
 2.048854E+001
 1.929805E+001
 2.056822E+001
 1.951603E+001
 2.304909E+001
 1.952511E+001
 2.005572E+001
 1.997869E+001
 2.069963E+001
 1.915073E+001
 1.947934E+001
 1.996469E+001
 2.083683E+001
 2.219818E+001
 3.143968E+001
 3.209539E+001
 3.230049E+001
 3.094170E+001
 3.177478E+001
 3.192938E+001
 3.213442E+001
 3.255752E+001
 3.294013E+001
 3.281828E+001
 3.169255E+001
 3.196776E+001
 3.175534E+001
 3.247057E+001
 3.161233E+001
 3.230480E+001
 3.225713E+001
 3.232909E+001
 3.244922E+001
 3.257809E+001
 3.255945E+001
 3.254531E+001
 2.892643E+001
 3.127862E+001
 2.825920E+001
 3.343312E+001
 2.984186E+001
 3.121613E+001
 3.196244E+001
 4.334786E+001
 5.832866E+001
 4.489600E+001
 3.178598E+001
 3.181737E+001
 3.269207E+001
 3.223596E+001
 3.233463E+001
 3.143953E+001
 3.230717E+001
 3.215350E+001
 3.139669E+001
 3.248538E+001
 3.187414E+001
 3.062213E+001
 3.114048E+001
 1.955081E+001
 3.331456E+001
 3.372115E+001
 3.146090E+001
 3.036299E+001
 3.161236E+001
 3.254053E+001
 3.131374E+001
 3.283083E+001
 2.817106E+001
 4.590913E+001
 3.248963E+001
 4.850123E+001
 2.274230E+001
 3.540539E+001
 3.839064E+001
 3.780743E+001
 3.137002E+001
 3.223433E+001
 3.270379E+001
 3.261353E+001
 3.286690E+001
 3.391537E+001
 3.231242E+001
 3.150234E+001
 3.162276E+001
 3.121597E+001
 5.931381E+001
 5.097189E+001
 2.289671E+001
 6.213787E+001
 2.223328E+001
 3.042920E+001
 3.145494E+001
 3.239859E+001
 3.243507E+001
 3.421760E+001
 4.620698E+001
 4.853801E+001
 2.314171E+001
 2.780288E+001
