 8.967806E-001
 8.755360E-001
 8.810816E-001
 8.925600E-001
 8.669288E-001
 8.826200E-001
 8.323966E-001
 8.340138E-001
 8.453693E-001
 8.247902E-001
 8.576583E-001
 8.791265E-001
 8.277305E-001
 8.926967E-001
 8.929668E-001
 8.348613E-001
 8.764578E-001
 8.809530E-001
 8.358118E-001
 8.683977E-001
 8.413924E-001
 9.105751E-001
 8.831148E-001
 8.738384E-001
 8.453351E-001
 8.851250E-001
 8.504181E-001
 8.338854E-001
 8.744715E-001
 8.871170E-001
 9.051365E-001
 9.619621E-001
 9.508297E-001
 9.447383E-001
 9.550488E-001
 9.468065E-001
 9.434767E-001
 9.508615E-001
 9.469012E-001
 9.424320E-001
 9.503322E-001
 9.531929E-001
 9.448305E-001
 9.457642E-001
 9.464935E-001
 9.497393E-001
 9.466933E-001
 9.445935E-001
 9.447955E-001
 9.444929E-001
 9.454931E-001
 9.439262E-001
 9.463381E-001
 9.448002E-001
 9.447941E-001
 9.447935E-001
 9.448023E-001
 9.447928E-001
 9.447730E-001
 9.447987E-001
 9.447767E-001
 9.447163E-001
 9.447655E-001
 9.447796E-001
 9.447884E-001
 9.445987E-001
 9.447712E-001
 9.447881E-001
 9.447736E-001
 9.447839E-001
 9.447867E-001
 9.447977E-001
 9.482021E-001
 9.479193E-001
 9.455616E-001
 9.433274E-001
 9.475146E-001
 9.481317E-001
 9.511115E-001
 9.461741E-001
 9.476299E-001
 9.492703E-001
 9.445781E-001
 9.447383E-001
 9.447586E-001
 9.447971E-001
 9.448275E-001
 9.447264E-001
 9.444395E-001
 9.449531E-001
 9.446818E-001
 9.448796E-001
 9.498174E-001
 9.422432E-001
 9.447909E-001
 9.448075E-001
 9.448010E-001
 9.447954E-001
 9.448023E-001
 9.447963E-001
 9.447725E-001
 9.447945E-001
 9.447936E-001
 9.447405E-001
 9.447859E-001
 9.447973E-001
 9.447992E-001
 9.447738E-001
 9.447824E-001
 9.447429E-001
 9.448680E-001
 9.447854E-001
 9.447879E-001
 9.445394E-001
 9.445237E-001
 9.440940E-001
 9.445879E-001
 9.447919E-001
 9.447482E-001
 9.446533E-001
 9.445921E-001
 9.455443E-001
 9.448913E-001
 9.447932E-001
 9.447938E-001
 9.447940E-001
 9.447958E-001
 9.447981E-001
 9.447870E-001
 9.448080E-001
 9.447879E-001
 9.448221E-001
 9.447784E-001
 9.450529E-001
 9.447127E-001
 9.447187E-001
 9.442245E-001
 9.447795E-001
 9.447831E-001
 9.447915E-001
 9.447795E-001
 9.447813E-001
 9.448299E-001
 9.447793E-001
 9.447952E-001
