 1.105410E-002
 1.923980E-002
 1.590660E-002
 1.250478E-002
 2.423890E-002
 1.699212E-002
 4.304870E-002
 4.216510E-002
 3.736618E-002
 4.617856E-002
 2.510724E-002
 1.746522E-002
 4.468317E-002
 1.188428E-002
 1.222389E-002
 4.176523E-002
 1.875582E-002
 1.650560E-002
 4.113512E-002
 2.518155E-002
 3.842078E-002
 6.173955E-003
 1.263262E-002
 1.960527E-002
 3.732541E-002
 1.522802E-002
 3.042117E-002
 4.269513E-002
 1.882250E-002
 1.415193E-002
 7.675474E-003
-9.578075E-003
-2.607209E-003
 5.226498E-004
-6.884556E-003
-2.033699E-003
 1.936630E-004
-2.889168E-003
 2.403178E-004
 1.176390E-003
-3.605073E-003
-4.885938E-003
-2.760747E-004
-5.331733E-005
-4.334410E-004
-3.823865E-003
-6.982126E-005
 2.822292E-004
-8.180685E-005
-7.363139E-006
-6.449520E-005
 4.044584E-004
-6.329313E-004
 1.201857E-008
 1.381957E-008
 1.208412E-008
 2.843716E-009
 2.266248E-008
-1.457713E-008
 6.001540E-007
-1.537539E-005
-1.890303E-006
 3.313887E-006
-3.887993E-008
 4.220088E-007
 1.474417E-005
-1.761336E-006
-2.795855E-008
 1.563404E-008
-1.536218E-008
-2.864944E-008
-1.563737E-008
-1.434415E-003
-1.321629E-003
 2.034485E-004
 7.839402E-004
-1.366500E-003
-2.135298E-003
-3.706031E-003
-8.378414E-004
-1.648252E-003
-1.825209E-003
-3.546441E-005
-4.642000E-005
 1.631972E-006
 5.109102E-008
 6.567014E-006
-1.367088E-005
 1.009948E-004
-3.079421E-005
-4.037195E-005
 1.736599E-004
-3.680551E-003
 1.163211E-003
-1.454457E-008
-1.869553E-008
 5.611500E-009
-3.559863E-009
-9.917434E-010
 1.369535E-008
-1.663420E-008
-2.710994E-008
 3.072687E-009
-1.079703E-006
-8.813622E-009
 6.986693E-006
-4.277509E-009
 4.582617E-008
-1.134926E-008
-6.246303E-007
 5.950908E-006
-2.181860E-008
 1.071732E-007
 5.523383E-005
 1.353229E-004
 7.322787E-004
 4.934985E-004
-3.185579E-007
-1.721254E-007
-1.528734E-005
-7.307144E-005
 2.776470E-006
-6.567455E-005
 6.726020E-009
 2.104562E-008
-3.296333E-008
-1.531495E-008
 2.783204E-009
 3.723379E-008
-2.822492E-007
 5.128315E-008
 4.300359E-008
-2.321660E-007
-3.619135E-005
 2.347975E-006
 4.191439E-006
 3.393907E-005
 6.367094E-008
 5.699049E-008
-2.658256E-008
-2.497432E-008
-1.177574E-007
-4.583954E-007
 8.762703E-009
 1.587315E-007
