 9.476965E-001
 9.006095E-001
 8.812302E-001
 9.184636E-001
 8.651533E-001
 9.188801E-001
 7.981354E-001
 8.020571E-001
 8.352721E-001
 7.776704E-001
 7.966968E-001
 8.791937E-001
 7.810279E-001
 9.177045E-001
 9.408378E-001
 8.039102E-001
 8.719787E-001
 8.812969E-001
 8.009367E-001
 8.695226E-001
 8.127343E-001
 1.033027E+000
 8.421686E-001
 8.584777E-001
 8.366261E-001
 8.956147E-001
 7.996802E-001
 8.101811E-001
 8.568304E-001
 9.042245E-001
 9.810198E-001
 1.444534E+000
 1.500748E+000
 1.561854E+000
 1.440332E+000
 1.511670E+000
 1.548301E+000
 1.505473E+000
 1.556106E+000
 1.564925E+000
 1.524765E+000
 1.478711E+000
 1.541479E+000
 1.546341E+000
 1.544268E+000
 1.483917E+000
 1.538317E+000
 1.553029E+000
 1.544863E+000
 1.546200E+000
 1.545218E+000
 1.554626E+000
 1.553580E+000
 1.546329E+000
 1.546329E+000
 1.546329E+000
 1.546329E+000
 1.546329E+000
 1.546328E+000
 1.546343E+000
 1.545747E+000
 1.546283E+000
 1.546447E+000
 1.546327E+000
 1.546343E+000
 1.546777E+000
 1.546274E+000
 1.546328E+000
 1.546330E+000
 1.546329E+000
 1.546328E+000
 1.546328E+000
 1.500850E+000
 1.500973E+000
 1.552632E+000
 1.558202E+000
 1.540012E+000
 1.483796E+000
 1.520276E+000
 1.509267E+000
 1.479974E+000
 1.525428E+000
 1.545211E+000
 1.545258E+000
 1.546385E+000
 1.546327E+000
 1.546510E+000
 1.545825E+000
 1.549992E+000
 1.545273E+000
 1.544932E+000
 1.554574E+000
 1.469275E+000
 1.561162E+000
 1.546329E+000
 1.546329E+000
 1.546329E+000
 1.546329E+000
 1.546329E+000
 1.546329E+000
 1.546328E+000
 1.546328E+000
 1.546328E+000
 1.546299E+000
 1.546331E+000
 1.546469E+000
 1.546329E+000
 1.546331E+000
 1.546329E+000
 1.546305E+000
 1.546504E+000
 1.546326E+000
 1.546330E+000
 1.544172E+000
 1.550263E+000
 1.565085E+000
 1.562127E+000
 1.546682E+000
 1.546361E+000
 1.546051E+000
 1.544217E+000
 1.545867E+000
 1.544321E+000
 1.546329E+000
 1.546329E+000
 1.546328E+000
 1.546328E+000
 1.546329E+000
 1.546330E+000
 1.546312E+000
 1.546331E+000
 1.546322E+000
 1.546325E+000
 1.545715E+000
 1.546349E+000
 1.546406E+000
 1.547147E+000
 1.546329E+000
 1.546329E+000
 1.546328E+000
 1.546331E+000
 1.546327E+000
 1.546320E+000
 1.546329E+000
 1.546330E+000
