 8.094492E+000
 7.738251E+000
 7.584886E+000
 7.868856E+000
 7.461556E+000
 7.858607E+000
 6.956422E+000
 6.977772E+000
 7.258479E+000
 6.786739E+000
 6.884008E+000
 7.537475E+000
 6.814365E+000
 7.866173E+000
 8.017129E+000
 6.996774E+000
 7.517253E+000
 7.575918E+000
 6.971234E+000
 7.522218E+000
 7.064090E+000
 8.805379E+000
 7.205842E+000
 7.388851E+000
 7.262427E+000
 7.695737E+000
 6.931850E+000
 7.050587E+000
 7.358311E+000
 7.755443E+000
 8.373129E+000
 1.219054E+001
 1.262476E+001
 1.290914E+001
 1.210868E+001
 1.259042E+001
 1.287465E+001
 1.263556E+001
 1.299077E+001
 1.313464E+001
 1.285507E+001
 1.241157E+001
 1.289924E+001
 1.283729E+001
 1.292551E+001
 1.247628E+001
 1.289412E+001
 1.303434E+001
 1.304284E+001
 1.313273E+001
 1.317125E+001
 1.312469E+001
 1.290622E+001
 1.170518E+001
 1.265702E+001
 1.143544E+001
 1.352914E+001
 1.207568E+001
 1.263182E+001
 1.293392E+001
 1.754093E+001
 2.360306E+001
 1.816726E+001
 1.263437E+001
 1.262785E+001
 1.317142E+001
 1.294182E+001
 1.283280E+001
 1.243970E+001
 1.272837E+001
 1.264627E+001
 1.242979E+001
 1.277747E+001
 1.289559E+001
 1.239427E+001
 1.260104E+001
 7.911047E+000
 1.348094E+001
 1.364766E+001
 1.272171E+001
 1.228691E+001
 1.279124E+001
 1.314422E+001
 1.235815E+001
 1.304881E+001
 1.139930E+001
 1.857723E+001
 1.314727E+001
 1.962626E+001
 9.202444E+000
 1.432683E+001
 1.553495E+001
 1.529903E+001
 1.267067E+001
 1.302378E+001
 1.317710E+001
 1.314851E+001
 1.330204E+001
 1.372427E+001
 1.307814E+001
 1.274982E+001
 1.278342E+001
 1.263284E+001
 2.400179E+001
 2.062608E+001
 9.265059E+000
 2.514445E+001
 8.996480E+000
 1.231324E+001
 1.273038E+001
 1.311023E+001
 1.312500E+001
 1.384847E+001
 1.869786E+001
 1.964105E+001
 9.364256E+000
 1.125039E+001
