 4.984592E-002
 4.951296E-002
 4.985262E-002
 5.006797E-002
 5.007057E-002
 4.915940E-002
 5.206418E-002
 5.194619E-002
 5.107545E-002
 5.252847E-002
 4.981209E-002
 4.976656E-002
 5.208865E-002
 4.873195E-002
 4.904498E-002
 5.189841E-002
 4.948899E-002
 4.972709E-002
 5.192915E-002
 4.921419E-002
 5.157576E-002
 4.913126E-002
 4.948001E-002
 4.976319E-002
 5.126155E-002
 4.993210E-002
 4.999187E-002
 5.206787E-002
 5.017895E-002
 4.959236E-002
 4.919514E-002
 3.417732E-002
 2.679179E-002
 1.634213E-002
 2.782028E-002
 1.976301E-002
 5.221627E-003
 2.982355E-002
 1.746525E-002
 1.706072E-002
 2.973235E-002
 3.080235E-002
 6.483507E-003
 1.722611E-003
 1.873132E-002
 2.366916E-002
 1.877603E-002
-2.624561E-004
 4.939534E-003
 1.370268E-004
 1.498156E-003
 4.972156E-003
 2.306923E-002
 1.656221E-007
 2.868303E-007
 5.027231E-008
-1.954230E-009
 2.024718E-007
 4.739952E-007
 7.768257E-007
-1.550660E-004
-4.713414E-006
-1.411660E-005
 1.826104E-007
 5.959675E-007
-2.564064E-005
-2.825948E-006
-8.185499E-007
 1.247614E-007
-4.263419E-007
-8.381085E-007
-3.990255E-008
 1.893587E-002
 2.256621E-002
 6.775329E-003
 6.386025E-003
 2.279215E-002
 2.436705E-002
 2.417919E-002
 2.752702E-002
 2.319898E-002
 2.705217E-002
-1.806314E-004
-2.024159E-004
 7.043245E-006
 4.265336E-006
 2.128602E-005
-1.203331E-004
 7.170518E-004
-1.178860E-004
 1.650801E-004
 2.796191E-003
 2.460422E-002
 2.009344E-002
-1.159056E-007
-1.126355E-007
 6.759700E-008
-1.443276E-008
 2.731492E-008
 4.030517E-008
 2.284941E-007
-6.317489E-008
 2.259076E-007
 2.001749E-007
-1.076728E-006
 2.999315E-005
-2.612896E-008
 5.712224E-009
-4.411228E-008
-4.374724E-007
 2.187431E-005
 3.884761E-007
 6.274714E-007
 9.615345E-004
 2.091705E-003
 5.956988E-003
 5.661809E-003
-9.302979E-005
-1.612120E-005
-1.294085E-004
 3.274635E-004
 2.826107E-005
 3.504183E-004
-6.997415E-008
 4.485214E-008
 1.037718E-007
 2.446856E-008
 6.085316E-008
-2.335163E-007
 4.147657E-006
-3.592554E-007
 7.039676E-006
-6.704483E-007
-2.393670E-004
 9.139366E-006
 1.497373E-005
-1.684714E-004
 5.168766E-007
 3.816397E-007
 1.353147E-007
-1.315996E-006
-1.521557E-006
 9.901378E-006
 6.745799E-007
-2.073073E-007
