 6.203357E-001
 6.293188E-001
 6.303927E-001
 6.226780E-001
 6.406295E-001
 6.257311E-001
 6.561196E-001
 6.554620E-001
 6.524232E-001
 6.586496E-001
 6.452713E-001
 6.316370E-001
 6.609909E-001
 6.227863E-001
 6.214002E-001
 6.552406E-001
 6.338136E-001
 6.329374E-001
 6.549952E-001
 6.476763E-001
 6.543875E-001
 5.990800E-001
 6.303754E-001
 6.358113E-001
 6.509660E-001
 6.287220E-001
 6.492234E-001
 6.535725E-001
 6.360822E-001
 6.268001E-001
 6.143494E-001
 1.069651E+000
 1.037760E+000
 1.000598E+000
 1.044825E+000
 1.016622E+000
 9.804361E-001
 1.040640E+000
 1.004785E+000
 1.004879E+000
 1.047323E+000
 1.048173E+000
 9.811050E-001
 9.772268E-001
 1.008332E+000
 1.027073E+000
 1.004340E+000
 9.760837E-001
 9.811166E-001
 9.754256E-001
 9.770745E-001
 9.815274E-001
 1.017187E+000
 9.758281E-001
 9.758283E-001
 9.758276E-001
 9.758273E-001
 9.758280E-001
 9.758289E-001
 9.758317E-001
 9.757169E-001
 9.758154E-001
 9.757093E-001
 9.758281E-001
 9.758292E-001
 9.757892E-001
 9.758173E-001
 9.758255E-001
 9.758274E-001
 9.758260E-001
 9.758250E-001
 9.758272E-001
 1.011727E+000
 1.017974E+000
 9.828441E-001
 9.879154E-001
 1.016265E+000
 1.024428E+000
 1.029119E+000
 1.035957E+000
 1.021580E+000
 1.035479E+000
 9.759002E-001
 9.752086E-001
 9.758372E-001
 9.758347E-001
 9.759088E-001
 9.756749E-001
 9.760990E-001
 9.757713E-001
 9.760029E-001
 9.776998E-001
 1.028072E+000
 1.011585E+000
 9.758267E-001
 9.758269E-001
 9.758277E-001
 9.758273E-001
 9.758275E-001
 9.758274E-001
 9.758281E-001
 9.758272E-001
 9.758284E-001
 9.758219E-001
 9.758238E-001
 9.759318E-001
 9.758272E-001
 9.758269E-001
 9.758272E-001
 9.758263E-001
 9.758932E-001
 9.758292E-001
 9.758294E-001
 9.778514E-001
 9.772785E-001
 9.817670E-001
 9.811633E-001
 9.754966E-001
 9.757974E-001
 9.754432E-001
 9.755640E-001
 9.759884E-001
 9.759230E-001
 9.758270E-001
 9.758274E-001
 9.758283E-001
 9.758278E-001
 9.758276E-001
 9.758260E-001
 9.758405E-001
 9.758254E-001
 9.758490E-001
 9.758248E-001
 9.753708E-001
 9.758722E-001
 9.758881E-001
 9.756206E-001
 9.758287E-001
 9.758285E-001
 9.758279E-001
 9.758247E-001
 9.758246E-001
 9.758234E-001
 9.758280E-001
 9.758323E-001
