 1.127455E+000
 1.096429E+000
 1.081341E+000
 1.101878E+000
 1.082760E+000
 1.113154E+000
 1.046575E+000
 1.049046E+000
 1.078264E+000
 1.029144E+000
 1.027817E+000
 1.081014E+000
 1.034896E+000
 1.110432E+000
 1.122287E+000
 1.050482E+000
 1.081407E+000
 1.087324E+000
 1.046476E+000
 1.102294E+000
 1.056653E+000
 1.175981E+000
 1.043011E+000
 1.069187E+000
 1.076472E+000
 1.090908E+000
 1.039133E+000
 1.053605E+000
 1.065491E+000
 1.098164E+000
 1.152687E+000
 1.583286E+000
 1.584834E+000
 1.579761E+000
 1.541000E+000
 1.564452E+000
 1.528793E+000
 1.590748E+000
 1.581420E+000
 1.593432E+000
 1.627712E+000
 1.578654E+000
 1.518841E+000
 1.514922E+000
 1.579255E+000
 1.552552E+000
 1.561490E+000
 1.523627E+000
 1.522706E+000
 1.509721E+000
 1.513496E+000
 1.536092E+000
 1.605009E+000
 1.510273E+000
 1.510273E+000
 1.510273E+000
 1.510274E+000
 1.510274E+000
 1.510272E+000
 1.510271E+000
 1.509885E+000
 1.510252E+000
 1.510256E+000
 1.510273E+000
 1.510281E+000
 1.510717E+000
 1.510223E+000
 1.510272E+000
 1.510274E+000
 1.510274E+000
 1.510271E+000
 1.510273E+000
 1.540705E+000
 1.547037E+000
 1.536287E+000
 1.556912E+000
 1.587310E+000
 1.541593E+000
 1.598073E+000
 1.593920E+000
 1.535414E+000
 1.610792E+000
 1.510374E+000
 1.508379E+000
 1.510343E+000
 1.510289E+000
 1.510460E+000
 1.509081E+000
 1.517314E+000
 1.509120E+000
 1.509536E+000
 1.526852E+000
 1.537228E+000
 1.603078E+000
 1.510274E+000
 1.510274E+000
 1.510273E+000
 1.510274E+000
 1.510274E+000
 1.510273E+000
 1.510272E+000
 1.510274E+000
 1.510273E+000
 1.510276E+000
 1.510276E+000
 1.510361E+000
 1.510274E+000
 1.510275E+000
 1.510273E+000
 1.510264E+000
 1.510455E+000
 1.510273E+000
 1.510275E+000
 1.516219E+000
 1.521474E+000
 1.548339E+000
 1.542850E+000
 1.509921E+000
 1.510201E+000
 1.509274E+000
 1.507819E+000
 1.514685E+000
 1.508180E+000
 1.510273E+000
 1.510273E+000
 1.510273E+000
 1.510274E+000
 1.510273E+000
 1.510274E+000
 1.510277E+000
 1.510274E+000
 1.510293E+000
 1.510279E+000
 1.509077E+000
 1.510306E+000
 1.510356E+000
 1.510374E+000
 1.510270E+000
 1.510271E+000
 1.510274E+000
 1.510276E+000
 1.510273E+000
 1.510275E+000
 1.510273E+000
 1.510272E+000
