 5.545762E-001
 5.598422E-001
 5.604540E-001
 5.558245E-001
 5.669385E-001
 5.578741E-001
 5.774917E-001
 5.771964E-001
 5.755917E-001
 5.788724E-001
 5.694936E-001
 5.613959E-001
 5.800594E-001
 5.562904E-001
 5.549443E-001
 5.770877E-001
 5.625557E-001
 5.621466E-001
 5.766396E-001
 5.728416E-001
 5.763971E-001
 5.419847E-001
 5.596132E-001
 5.636916E-001
 5.746553E-001
 5.595849E-001
 5.724896E-001
 5.760774E-001
 5.633455E-001
 5.586197E-001
 5.509407E-001
 1.025594E+000
 1.010245E+000
 9.942406E-001
 1.013435E+000
 1.000514E+000
 9.877073E-001
 1.011507E+000
 9.957358E-001
 9.957891E-001
 1.014277E+000
 1.014939E+000
 9.885133E-001
 9.881097E-001
 9.968477E-001
 1.005273E+000
 9.957466E-001
 9.873486E-001
 9.887909E-001
 9.877759E-001
 9.880167E-001
 9.884428E-001
 1.000056E+000
 9.879141E-001
 9.879141E-001
 9.879138E-001
 9.879136E-001
 9.879139E-001
 9.879142E-001
 9.879181E-001
 9.878926E-001
 9.879035E-001
 9.878843E-001
 9.879138E-001
 9.879149E-001
 9.878925E-001
 9.879099E-001
 9.879133E-001
 9.879137E-001
 9.879131E-001
 9.879132E-001
 9.879136E-001
 9.989111E-001
 1.001701E+000
 9.888487E-001
 9.900997E-001
 9.999197E-001
 1.004151E+000
 1.005206E+000
 1.008375E+000
 1.002883E+000
 1.008035E+000
 9.878729E-001
 9.877300E-001
 9.879133E-001
 9.879146E-001
 9.879428E-001
 9.879423E-001
 9.876201E-001
 9.879454E-001
 9.879836E-001
 9.876190E-001
 1.005741E+000
 9.977846E-001
 9.879133E-001
 9.879134E-001
 9.879139E-001
 9.879136E-001
 9.879137E-001
 9.879138E-001
 9.879139E-001
 9.879135E-001
 9.879143E-001
 9.879079E-001
 9.879120E-001
 9.879675E-001
 9.879136E-001
 9.879135E-001
 9.879136E-001
 9.879126E-001
 9.879387E-001
 9.879145E-001
 9.879148E-001
 9.881098E-001
 9.876376E-001
 9.882193E-001
 9.881702E-001
 9.878360E-001
 9.879086E-001
 9.878235E-001
 9.878324E-001
 9.875719E-001
 9.879948E-001
 9.879135E-001
 9.879138E-001
 9.879140E-001
 9.879138E-001
 9.879138E-001
 9.879133E-001
 9.879172E-001
 9.879130E-001
 9.879203E-001
 9.879119E-001
 9.877771E-001
 9.879321E-001
 9.879396E-001
 9.879076E-001
 9.879146E-001
 9.879144E-001
 9.879138E-001
 9.879126E-001
 9.879123E-001
 9.879095E-001
 9.879140E-001
 9.879162E-001
