 4.700201E-002
 4.669095E-002
 4.742612E-002
 4.754192E-002
 4.851230E-002
 4.633778E-002
 5.353059E-002
 5.345387E-002
 5.202219E-002
 5.417166E-002
 4.830949E-002
 4.787504E-002
 5.333953E-002
 4.577972E-002
 4.571787E-002
 5.331120E-002
 4.720503E-002
 4.774585E-002
 5.296436E-002
 4.872992E-002
 5.277668E-002
 4.423116E-002
 4.635909E-002
 4.790942E-002
 5.215591E-002
 4.766929E-002
 4.900721E-002
 5.340328E-002
 4.833265E-002
 4.724820E-002
 4.575597E-002
 2.460469E-002
 1.644575E-002
 6.198093E-003
 1.628766E-002
 7.668519E-003
 6.375811E-004
 1.938488E-002
 7.376592E-003
 6.174130E-003
 1.869128E-002
 1.994198E-002
 1.382794E-003
 1.518745E-004
 7.401203E-003
 1.161203E-002
 7.267698E-003
-9.841161E-004
 7.176601E-004
 5.220356E-006
 8.346178E-006
 4.494536E-004
 1.142268E-002
-9.648793E-008
-1.344487E-007
-3.329881E-008
 7.732996E-009
-8.796551E-008
-2.265298E-007
 2.251617E-007
-6.325090E-006
 5.952524E-007
 9.749922E-006
-1.286925E-007
-1.060130E-008
 5.004070E-007
 1.176758E-006
 3.727428E-007
-2.476491E-008
 2.063758E-007
 3.824635E-007
 3.030540E-008
 7.111588E-003
 1.124655E-002
 5.729026E-004
 4.246264E-004
 1.051587E-002
 1.212723E-002
 1.190522E-002
 1.579873E-002
 1.081676E-002
 1.538617E-002
-1.539204E-004
 5.489214E-005
-1.701565E-006
-1.645820E-006
-4.844310E-006
 7.610425E-007
-1.530986E-004
 1.588035E-006
 7.455915E-007
 6.651144E-005
 1.182406E-002
 8.704156E-003
 9.944687E-008
 5.837165E-008
-4.516509E-008
-1.069143E-008
-2.055400E-008
-1.285999E-008
-1.004683E-007
 8.745935E-009
-1.359401E-007
-1.461435E-006
 4.845295E-007
-3.883488E-006
 1.379214E-008
 7.475554E-008
 4.858354E-008
-1.041874E-006
-6.903173E-006
-4.093198E-007
-4.178307E-007
-6.910407E-004
-7.834483E-005
 7.481917E-004
 9.343383E-004
 7.513805E-005
 1.313775E-005
 7.295718E-005
 1.461368E-004
-1.093009E-003
 4.327000E-005
 8.927060E-008
 4.650006E-008
-1.464493E-007
-7.947156E-008
-5.194718E-008
 2.764530E-007
-3.199888E-006
 3.127245E-007
-4.040343E-006
-2.724071E-007
-2.733243E-005
-2.170059E-006
-2.942214E-006
 1.146845E-005
-7.095682E-008
-2.692391E-008
-8.941879E-008
 2.757966E-007
 2.778847E-007
 1.352967E-006
-1.195794E-007
-3.417665E-007
