 6.816630E-002
 1.151649E-001
 9.573499E-002
 7.672544E-002
 1.425717E-001
 1.022521E-001
 2.407691E-001
 2.352872E-001
 2.098689E-001
 2.574798E-001
 1.475202E-001
 1.050284E-001
 2.506055E-001
 7.246273E-002
 7.505517E-002
 2.335616E-001
 1.122283E-001
 9.893112E-002
 2.305855E-001
 1.455503E-001
 2.163509E-001
 3.927521E-002
 7.695356E-002
 1.174907E-001
 2.093859E-001
 9.210562E-002
 1.756311E-001
 2.382231E-001
 1.134796E-001
 8.660391E-002
 4.886706E-002
-5.722792E-002
-1.576163E-002
 3.251065E-003
-4.186984E-002
-1.246232E-002
 1.183355E-003
-1.748109E-002
 1.509712E-003
 6.999906E-003
-2.121334E-002
-2.944437E-002
-1.666694E-003
-3.148458E-004
-2.540203E-003
-2.299963E-002
-5.128610E-004
 1.730258E-003
-5.087563E-004
-4.410104E-005
-3.918948E-004
 2.461940E-003
-3.565237E-003
 6.991410E-008
 8.091300E-008
 7.235507E-008
 1.780544E-008
 1.370356E-007
-9.381933E-008
 3.648151E-006
-9.514414E-005
-1.147529E-005
 2.032620E-005
-2.426273E-007
 2.593707E-006
 9.059377E-005
-1.079620E-005
-1.666059E-007
 9.691570E-008
-8.791266E-008
-1.727607E-007
-9.471120E-008
-8.903709E-003
-8.167637E-003
 1.237940E-003
 4.707696E-003
-8.152320E-003
-1.315298E-002
-2.215944E-002
-5.430151E-003
-1.031600E-002
-1.104569E-002
-2.167979E-004
-2.815447E-004
 1.004475E-005
 2.931357E-007
 4.005434E-005
-8.478617E-005
 6.227547E-004
-1.899734E-004
-2.491944E-004
 1.090456E-003
-2.224899E-002
 6.863032E-003
-8.472489E-008
-1.122093E-007
 3.246765E-008
-2.216513E-008
-6.436382E-009
 8.224848E-008
-1.025190E-007
-1.638232E-007
 1.395378E-008
-6.595602E-006
-3.624748E-008
 4.221616E-005
-2.374017E-008
 2.868709E-007
-6.785697E-008
-3.868027E-006
 3.641892E-005
-1.500627E-007
 6.404570E-007
 3.132678E-004
 8.317153E-004
 4.453545E-003
 3.011607E-003
 4.085317E-007
-7.644976E-007
-9.242811E-005
-4.449319E-004
 1.185665E-005
-3.999264E-004
 4.303565E-008
 1.282238E-007
-2.038070E-007
-9.364413E-008
 1.628424E-008
 2.300768E-007
-1.787529E-006
 3.187958E-007
 1.951991E-007
-1.402545E-006
-2.182640E-004
 1.399259E-005
 2.528175E-005
 2.060907E-004
 3.801174E-007
 3.428001E-007
-1.644127E-007
-1.320048E-007
-7.084208E-007
-2.764256E-006
 4.864466E-008
 9.482322E-007
