 3.817826E+000
 3.740261E+000
 3.702541E+000
 3.753885E+000
 3.706087E+000
 3.782075E+000
 3.615625E+000
 3.621801E+000
 3.694847E+000
 3.572046E+000
 3.568729E+000
 3.701723E+000
 3.586427E+000
 3.775269E+000
 3.804906E+000
 3.625392E+000
 3.702705E+000
 3.717498E+000
 3.615376E+000
 3.754922E+000
 3.640820E+000
 3.939145E+000
 3.606717E+000
 3.672155E+000
 3.690368E+000
 3.726458E+000
 3.597019E+000
 3.633198E+000
 3.662916E+000
 3.744599E+000
 3.880908E+000
 4.957406E+000
 4.961279E+000
 4.948601E+000
 4.851693E+000
 4.910327E+000
 4.821183E+000
 4.976064E+000
 4.952747E+000
 4.982778E+000
 5.068473E+000
 4.945830E+000
 4.796305E+000
 4.786507E+000
 4.947335E+000
 4.880576E+000
 4.902922E+000
 4.808271E+000
 4.805966E+000
 4.773505E+000
 4.782942E+000
 4.839430E+000
 5.011719E+000
 4.774885E+000
 4.774885E+000
 4.774886E+000
 4.774887E+000
 4.774888E+000
 4.774884E+000
 4.774881E+000
 4.773915E+000
 4.774834E+000
 4.774843E+000
 4.774885E+000
 4.774905E+000
 4.775994E+000
 4.774759E+000
 4.774882E+000
 4.774887E+000
 4.774888E+000
 4.774881E+000
 4.774886E+000
 4.850961E+000
 4.866789E+000
 4.839918E+000
 4.891479E+000
 4.967473E+000
 4.853178E+000
 4.994378E+000
 4.983994E+000
 4.837732E+000
 5.026175E+000
 4.775139E+000
 4.770149E+000
 4.775060E+000
 4.774926E+000
 4.775354E+000
 4.771905E+000
 4.792487E+000
 4.772004E+000
 4.773042E+000
 4.816332E+000
 4.842266E+000
 5.006893E+000
 4.774888E+000
 4.774888E+000
 4.774886E+000
 4.774888E+000
 4.774887E+000
 4.774886E+000
 4.774884E+000
 4.774887E+000
 4.774884E+000
 4.774892E+000
 4.774894E+000
 4.775106E+000
 4.774888E+000
 4.774889E+000
 4.774886E+000
 4.774863E+000
 4.775339E+000
 4.774885E+000
 4.774889E+000
 4.789750E+000
 4.802886E+000
 4.870049E+000
 4.856327E+000
 4.774005E+000
 4.774705E+000
 4.772388E+000
 4.768751E+000
 4.785915E+000
 4.769653E+000
 4.774886E+000
 4.774885E+000
 4.774885E+000
 4.774888E+000
 4.774886E+000
 4.774887E+000
 4.774895E+000
 4.774888E+000
 4.774934E+000
 4.774900E+000
 4.771895E+000
 4.774968E+000
 4.775092E+000
 4.775138E+000
 4.774879E+000
 4.774881E+000
 4.774887E+000
 4.774892E+000
 4.774886E+000
 4.774890E+000
 4.774886E+000
 4.774883E+000
