 1.032451E+000
 9.946416E-001
 9.774287E-001
 1.004948E+000
 9.716875E-001
 1.012172E+000
 9.229614E-001
 9.261035E-001
 9.574582E-001
 9.041453E-001
 9.102778E-001
 9.762594E-001
 9.086580E-001
 1.009818E+000
 1.026397E+000
 9.277844E-001
 9.733747E-001
 9.809683E-001
 9.241088E-001
 9.863541E-001
 9.350905E-001
 1.097541E+000
 9.377731E-001
 9.604051E-001
 9.570054E-001
 9.889928E-001
 9.186447E-001
 9.323547E-001
 9.570905E-001
 9.970487E-001
 1.060977E+000
 1.506382E+000
 1.533806E+000
 1.563203E+000
 1.482169E+000
 1.529752E+000
 1.533808E+000
 1.539519E+000
 1.560493E+000
 1.571211E+000
 1.567809E+000
 1.520307E+000
 1.526598E+000
 1.529471E+000
 1.553515E+000
 1.509996E+000
 1.542758E+000
 1.536444E+000
 1.530600E+000
 1.527986E+000
 1.528189E+000
 1.541397E+000
 1.569985E+000
 1.528433E+000
 1.528433E+000
 1.528433E+000
 1.528434E+000
 1.528434E+000
 1.528433E+000
 1.528442E+000
 1.527715E+000
 1.528386E+000
 1.528522E+000
 1.528432E+000
 1.528446E+000
 1.528884E+000
 1.528373E+000
 1.528431E+000
 1.528434E+000
 1.528434E+000
 1.528431E+000
 1.528433E+000
 1.513463E+000
 1.516589E+000
 1.540688E+000
 1.551459E+000
 1.555008E+000
 1.504830E+000
 1.549927E+000
 1.541698E+000
 1.499867E+000
 1.558188E+000
 1.527317E+000
 1.526821E+000
 1.528504E+000
 1.528440E+000
 1.528661E+000
 1.527723E+000
 1.532598E+000
 1.527252E+000
 1.527062E+000
 1.538336E+000
 1.495145E+000
 1.573130E+000
 1.528434E+000
 1.528433E+000
 1.528433E+000
 1.528434E+000
 1.528433E+000
 1.528433E+000
 1.528433E+000
 1.528433E+000
 1.528433E+000
 1.528411E+000
 1.528435E+000
 1.528616E+000
 1.528434E+000
 1.528435E+000
 1.528433E+000
 1.528412E+000
 1.528655E+000
 1.528431E+000
 1.528434E+000
 1.528775E+000
 1.533755E+000
 1.552440E+000
 1.548537E+000
 1.528471E+000
 1.528431E+000
 1.527786E+000
 1.525775E+000
 1.528727E+000
 1.526176E+000
 1.528433E+000
 1.528433E+000
 1.528433E+000
 1.528433E+000
 1.528433E+000
 1.528434E+000
 1.528427E+000
 1.528434E+000
 1.528443E+000
 1.528432E+000
 1.527453E+000
 1.528478E+000
 1.528540E+000
 1.529066E+000
 1.528433E+000
 1.528433E+000
 1.528433E+000
 1.528434E+000
 1.528431E+000
 1.528428E+000
 1.528434E+000
 1.528434E+000
