 3.580319E+000
 3.485794E+000
 3.442761E+000
 3.511561E+000
 3.428407E+000
 3.529620E+000
 3.306590E+000
 3.314445E+000
 3.392832E+000
 3.259549E+000
 3.274882E+000
 3.439838E+000
 3.270831E+000
 3.523734E+000
 3.565183E+000
 3.318647E+000
 3.432626E+000
 3.451610E+000
 3.309458E+000
 3.465073E+000
 3.336913E+000
 3.743045E+000
 3.343622E+000
 3.400201E+000
 3.391700E+000
 3.471672E+000
 3.295799E+000
 3.330073E+000
 3.391915E+000
 3.491811E+000
 3.651634E+000
 4.765147E+000
 4.833712E+000
 4.907206E+000
 4.704617E+000
 4.823577E+000
 4.833723E+000
 4.847994E+000
 4.900431E+000
 4.927226E+000
 4.918717E+000
 4.799963E+000
 4.815698E+000
 4.822881E+000
 4.882986E+000
 4.774186E+000
 4.856095E+000
 4.840313E+000
 4.825701E+000
 4.819168E+000
 4.819675E+000
 4.852695E+000
 4.924162E+000
 4.820285E+000
 4.820286E+000
 4.820286E+000
 4.820287E+000
 4.820288E+000
 4.820286E+000
 4.820307E+000
 4.818490E+000
 4.820168E+000
 4.820508E+000
 4.820284E+000
 4.820318E+000
 4.821413E+000
 4.820135E+000
 4.820281E+000
 4.820288E+000
 4.820287E+000
 4.820280E+000
 4.820285E+000
 4.782855E+000
 4.790672E+000
 4.850923E+000
 4.877848E+000
 4.886719E+000
 4.761272E+000
 4.874014E+000
 4.853441E+000
 4.748865E+000
 4.894667E+000
 4.817494E+000
 4.816255E+000
 4.820463E+000
 4.820302E+000
 4.820856E+000
 4.818510E+000
 4.830697E+000
 4.817334E+000
 4.816858E+000
 4.845042E+000
 4.737061E+000
 4.932024E+000
 4.820287E+000
 4.820286E+000
 4.820285E+000
 4.820286E+000
 4.820286E+000
 4.820286E+000
 4.820285E+000
 4.820286E+000
 4.820284E+000
 4.820231E+000
 4.820290E+000
 4.820742E+000
 4.820287E+000
 4.820291E+000
 4.820286E+000
 4.820232E+000
 4.820839E+000
 4.820281E+000
 4.820289E+000
 4.821140E+000
 4.833591E+000
 4.880302E+000
 4.870544E+000
 4.820381E+000
 4.820280E+000
 4.818668E+000
 4.813641E+000
 4.821020E+000
 4.814643E+000
 4.820286E+000
 4.820286E+000
 4.820285E+000
 4.820286E+000
 4.820286E+000
 4.820287E+000
 4.820271E+000
 4.820289E+000
 4.820310E+000
 4.820283E+000
 4.817836E+000
 4.820398E+000
 4.820553E+000
 4.821868E+000
 4.820284E+000
 4.820286E+000
 4.820286E+000
 4.820287E+000
 4.820279E+000
 4.820272E+000
 4.820289E+000
 4.820287E+000
