 8.972462E-001
 8.756725E-001
 8.809594E-001
 8.931063E-001
 8.666280E-001
 8.828132E-001
 8.299001E-001
 8.315128E-001
 8.433046E-001
 8.219761E-001
 8.568352E-001
 8.793214E-001
 8.252257E-001
 8.927224E-001
 8.935390E-001
 8.323616E-001
 8.764874E-001
 8.807810E-001
 8.335073E-001
 8.676147E-001
 8.394142E-001
 9.112980E-001
 8.828548E-001
 8.740351E-001
 8.432509E-001
 8.853425E-001
 8.491000E-001
 8.313826E-001
 8.747246E-001
 8.875763E-001
 9.057460E-001
 9.612122E-001
 9.506727E-001
 9.449208E-001
 9.542083E-001
 9.464885E-001
 9.437616E-001
 9.505866E-001
 9.470603E-001
 9.425923E-001
 9.500322E-001
 9.526088E-001
 9.450663E-001
 9.460462E-001
 9.464856E-001
 9.492453E-001
 9.466558E-001
 9.449018E-001
 9.450506E-001
 9.448633E-001
 9.457718E-001
 9.441981E-001
 9.464608E-001
 9.451332E-001
 9.451275E-001
 9.451269E-001
 9.451351E-001
 9.451263E-001
 9.451079E-001
 9.451321E-001
 9.451195E-001
 9.450549E-001
 9.451053E-001
 9.451141E-001
 9.451223E-001
 9.449501E-001
 9.451060E-001
 9.451219E-001
 9.451085E-001
 9.451180E-001
 9.451206E-001
 9.451308E-001
 9.479569E-001
 9.476995E-001
 9.457819E-001
 9.435616E-001
 9.474137E-001
 9.477921E-001
 9.507673E-001
 9.460316E-001
 9.473138E-001
 9.491253E-001
 9.449245E-001
 9.450767E-001
 9.450954E-001
 9.451303E-001
 9.451620E-001
 9.450745E-001
 9.447707E-001
 9.452831E-001
 9.450278E-001
 9.451794E-001
 9.493196E-001
 9.422962E-001
 9.451245E-001
 9.451399E-001
 9.451338E-001
 9.451287E-001
 9.451351E-001
 9.451295E-001
 9.451074E-001
 9.451278E-001
 9.451270E-001
 9.450775E-001
 9.451199E-001
 9.451352E-001
 9.451322E-001
 9.451087E-001
 9.451166E-001
 9.450798E-001
 9.451998E-001
 9.451193E-001
 9.451217E-001
 9.448341E-001
 9.448356E-001
 9.443795E-001
 9.448778E-001
 9.451346E-001
 9.450863E-001
 9.450002E-001
 9.449441E-001
 9.458117E-001
 9.452270E-001
 9.451266E-001
 9.451272E-001
 9.451274E-001
 9.451290E-001
 9.451312E-001
 9.451209E-001
 9.451404E-001
 9.451217E-001
 9.451537E-001
 9.451128E-001
 9.453755E-001
 9.450530E-001
 9.450594E-001
 9.446100E-001
 9.451139E-001
 9.451173E-001
 9.451251E-001
 9.451139E-001
 9.451155E-001
 9.451607E-001
 9.451138E-001
 9.451286E-001
