 8.982481E-001
 8.759420E-001
 8.806233E-001
 8.943140E-001
 8.658032E-001
 8.831228E-001
 8.236662E-001
 8.251918E-001
 8.379479E-001
 8.150336E-001
 8.548504E-001
 8.797163E-001
 8.190333E-001
 8.926844E-001
 8.948187E-001
 8.260771E-001
 8.765176E-001
 8.802948E-001
 8.277441E-001
 8.652017E-001
 8.343704E-001
 9.128827E-001
 8.823399E-001
 8.744948E-001
 8.378750E-001
 8.858232E-001
 8.458159E-001
 8.251134E-001
 8.753642E-001
 8.885793E-001
 9.071173E-001
 9.598678E-001
 9.506230E-001
 9.455062E-001
 9.527865E-001
 9.461421E-001
 9.445102E-001
 9.502707E-001
 9.476127E-001
 9.431203E-001
 9.496293E-001
 9.516615E-001
 9.456846E-001
 9.466548E-001
 9.467232E-001
 9.485311E-001
 9.468052E-001
 9.455825E-001
 9.456755E-001
 9.455922E-001
 9.463801E-001
 9.448748E-001
 9.470035E-001
 9.457887E-001
 9.457838E-001
 9.457833E-001
 9.457903E-001
 9.457827E-001
 9.457668E-001
 9.457885E-001
 9.458031E-001
 9.457209E-001
 9.457712E-001
 9.457722E-001
 9.457796E-001
 9.456370E-001
 9.457653E-001
 9.457791E-001
 9.457674E-001
 9.457756E-001
 9.457780E-001
 9.457867E-001
 9.477122E-001
 9.474993E-001
 9.463532E-001
 9.442050E-001
 9.474817E-001
 9.473604E-001
 9.503674E-001
 9.460394E-001
 9.469325E-001
 9.491085E-001
 9.456319E-001
 9.457536E-001
 9.457569E-001
 9.457861E-001
 9.458171E-001
 9.457525E-001
 9.454699E-001
 9.459381E-001
 9.457213E-001
 9.458608E-001
 9.485777E-001
 9.426284E-001
 9.457812E-001
 9.457945E-001
 9.457893E-001
 9.457848E-001
 9.457904E-001
 9.457855E-001
 9.457665E-001
 9.457840E-001
 9.457834E-001
 9.457405E-001
 9.457773E-001
 9.457953E-001
 9.457878E-001
 9.457677E-001
 9.457744E-001
 9.457424E-001
 9.458498E-001
 9.457767E-001
 9.457788E-001
 9.454743E-001
 9.455314E-001
 9.450769E-001
 9.455795E-001
 9.458077E-001
 9.457503E-001
 9.456847E-001
 9.456561E-001
 9.464141E-001
 9.459007E-001
 9.457831E-001
 9.457836E-001
 9.457837E-001
 9.457851E-001
 9.457870E-001
 9.457782E-001
 9.457949E-001
 9.457789E-001
 9.458064E-001
 9.457709E-001
 9.460184E-001
 9.457202E-001
 9.457268E-001
 9.453530E-001
 9.457722E-001
 9.457751E-001
 9.457817E-001
 9.457721E-001
 9.457735E-001
 9.458126E-001
 9.457720E-001
 9.457849E-001
