 4.944254E-002
 4.909009E-002
 4.953162E-002
 4.971182E-002
 4.990908E-002
 4.876431E-002
 5.244961E-002
 5.232640E-002
 5.136852E-002
 5.294284E-002
 4.961099E-002
 4.951973E-002
 5.242971E-002
 4.829915E-002
 4.854211E-002
 5.226837E-002
 4.918292E-002
 4.948590E-002
 5.223340E-002
 4.921261E-002
 5.190037E-002
 4.840217E-002
 4.900031E-002
 4.952442E-002
 5.154264E-002
 4.961684E-002
 4.989476E-002
 5.243524E-002
 4.993372E-002
 4.924637E-002
 4.869156E-002
 3.227590E-002
 2.433617E-002
 1.358402E-002
 2.531073E-002
 1.678251E-002
 3.541827E-003
 2.762749E-002
 1.483793E-002
 1.421858E-002
 2.747564E-002
 2.855458E-002
 4.663718E-003
 1.001519E-003
 1.582784E-002
 2.079244E-002
 1.580214E-002
-8.200797E-004
 3.386832E-003
 3.649785E-005
 7.689075E-004
 3.281845E-003
 2.024153E-002
 3.739504E-008
 7.838555E-008
 2.218656E-008
 9.021991E-009
 4.984720E-008
 1.146160E-007
 1.472419E-006
-1.623749E-004
-4.939193E-006
 3.407574E-006
-4.389025E-008
 8.173025E-007
-1.018719E-005
-2.291144E-006
-1.859292E-007
 5.277005E-008
-8.931296E-008
-1.645261E-007
-2.162231E-008
 1.598564E-002
 1.983938E-002
 4.648717E-003
 4.364278E-003
 1.995025E-002
 2.162020E-002
 2.139642E-002
 2.488381E-002
 2.031744E-002
 2.440831E-002
-3.063343E-004
-1.407669E-004
 4.657416E-006
 8.579643E-007
 1.708486E-005
-6.492705E-005
 2.519921E-004
-1.041926E-004
 4.895835E-005
 1.655614E-003
 2.166854E-002
 1.735480E-002
-1.626865E-008
-4.532833E-008
 1.246988E-008
-2.715742E-008
-2.584958E-009
 3.089666E-008
 5.096341E-008
-6.789846E-008
 6.754379E-008
-2.678650E-006
-4.355442E-007
 2.919150E-005
-1.554480E-008
 1.317556E-007
 3.888539E-009
-2.169452E-006
 1.695068E-005
-9.417615E-008
 1.752003E-007
 2.170226E-004
 1.106883E-003
 4.137460E-003
 4.011725E-003
-2.212427E-005
 1.125307E-006
-5.316738E-005
 1.999645E-004
-7.740267E-004
 1.737169E-004
 4.736288E-008
 1.061914E-007
-9.518122E-008
-7.717891E-008
-9.918307E-010
 1.246398E-007
 5.244062E-008
 7.338867E-008
 1.737722E-006
-1.075105E-006
-1.999984E-004
 7.612648E-006
 1.217624E-005
-9.534528E-005
 3.972658E-007
 3.309588E-007
-1.189865E-008
-7.416312E-007
-9.385047E-007
 7.392130E-006
 3.796136E-007
-3.233827E-007
