 9.879503E-001
 9.458137E-001
 9.275167E-001
 9.595499E-001
 9.171286E-001
 9.637116E-001
 8.603452E-001
 8.638686E-001
 8.962501E-001
 8.407374E-001
 8.523030E-001
 9.259989E-001
 8.446312E-001
 9.618991E-001
 9.814442E-001
 8.656581E-001
 9.210436E-001
 9.294930E-001
 8.622685E-001
 9.278469E-001
 8.736860E-001
 1.062600E+000
 8.878536E-001
 9.077968E-001
 8.966401E-001
 9.404075E-001
 8.584399E-001
 8.710503E-001
 9.050681E-001
 9.488008E-001
 1.018597E+000
 1.472433E+000
 1.514221E+000
 1.560349E+000
 1.458248E+000
 1.518045E+000
 1.539999E+000
 1.519491E+000
 1.555863E+000
 1.565618E+000
 1.543097E+000
 1.496473E+000
 1.533316E+000
 1.537751E+000
 1.546357E+000
 1.494190E+000
 1.538394E+000
 1.544367E+000
 1.537053E+000
 1.537186E+000
 1.536556E+000
 1.547088E+000
 1.558794E+000
 1.537450E+000
 1.537450E+000
 1.537450E+000
 1.537450E+000
 1.537451E+000
 1.537450E+000
 1.537462E+000
 1.536787E+000
 1.537400E+000
 1.537565E+000
 1.537449E+000
 1.537464E+000
 1.537904E+000
 1.537391E+000
 1.537449E+000
 1.537451E+000
 1.537451E+000
 1.537449E+000
 1.537450E+000
 1.504850E+000
 1.506402E+000
 1.545754E+000
 1.553213E+000
 1.544723E+000
 1.491716E+000
 1.531890E+000
 1.522033E+000
 1.487351E+000
 1.538350E+000
 1.536258E+000
 1.536126E+000
 1.537514E+000
 1.537452E+000
 1.537660E+000
 1.536888E+000
 1.541125E+000
 1.536344E+000
 1.536045E+000
 1.545966E+000
 1.479483E+000
 1.564246E+000
 1.537451E+000
 1.537450E+000
 1.537450E+000
 1.537450E+000
 1.537450E+000
 1.537450E+000
 1.537450E+000
 1.537450E+000
 1.537449E+000
 1.537422E+000
 1.537452E+000
 1.537622E+000
 1.537451E+000
 1.537453E+000
 1.537450E+000
 1.537426E+000
 1.537653E+000
 1.537448E+000
 1.537451E+000
 1.536176E+000
 1.541597E+000
 1.557711E+000
 1.554394E+000
 1.537674E+000
 1.537470E+000
 1.537014E+000
 1.535060E+000
 1.537063E+000
 1.535333E+000
 1.537451E+000
 1.537451E+000
 1.537449E+000
 1.537450E+000
 1.537450E+000
 1.537451E+000
 1.537438E+000
 1.537452E+000
 1.537451E+000
 1.537447E+000
 1.536667E+000
 1.537484E+000
 1.537545E+000
 1.538233E+000
 1.537450E+000
 1.537451E+000
 1.537450E+000
 1.537451E+000
 1.537448E+000
 1.537442E+000
 1.537451E+000
 1.537451E+000
