 2.334072E-002
 4.033663E-002
 3.338985E-002
 2.637227E-002
 5.059683E-002
 3.566912E-002
 8.872210E-002
 8.684505E-002
 7.708250E-002
 9.510411E-002
 5.239299E-002
 3.665309E-002
 9.215846E-002
 2.502120E-002
 2.578247E-002
 8.607132E-002
 3.931555E-002
 3.461078E-002
 8.482452E-002
 5.230807E-002
 7.931271E-002
 1.313369E-002
 2.659519E-002
 4.111207E-002
 7.697499E-002
 3.200429E-002
 6.319995E-002
 8.793899E-002
 3.953312E-002
 2.983015E-002
 1.633624E-002
-2.007185E-002
-5.478926E-003
 1.106000E-003
-1.448891E-002
-4.288090E-003
 4.080701E-004
-6.072252E-003
 5.098570E-004
 2.462465E-003
-7.525630E-003
-1.025871E-002
-5.799236E-004
-1.113869E-004
-9.040223E-004
-8.026112E-003
-1.542441E-004
 5.950960E-004
-1.731088E-004
-1.544296E-005
-1.356906E-004
 8.512914E-004
-1.307975E-003
 2.503652E-008
 2.882972E-008
 2.533960E-008
 6.026174E-009
 4.763023E-008
-3.109567E-008
 1.262930E-006
-3.249945E-005
-3.976560E-006
 6.987182E-006
-8.232444E-008
 8.903192E-007
 3.110298E-005
-3.713531E-006
-5.855769E-008
 3.304949E-008
-3.188412E-008
-6.017767E-008
-3.287833E-008
-3.033432E-003
-2.791915E-003
 4.282036E-004
 1.644618E-003
-2.862587E-003
-4.507201E-003
-7.767828E-003
-1.791348E-003
-3.492957E-003
-3.836691E-003
-7.471834E-005
-9.763081E-005
 3.444139E-006
 1.060989E-007
 1.383044E-005
-2.890413E-005
 2.132352E-004
-6.502224E-005
-8.526425E-005
 3.682943E-004
-7.733927E-003
 2.430107E-003
-3.030763E-008
-3.922502E-008
 1.167540E-008
-7.534348E-009
-2.119694E-009
 2.873732E-008
-3.511483E-008
-5.696793E-008
 6.086042E-009
-2.274705E-006
-1.715019E-008
 1.468198E-005
-8.816563E-009
 9.710513E-008
-2.378852E-008
-1.320160E-006
 1.254234E-005
-4.732400E-008
 2.246336E-007
 1.144127E-004
 2.855082E-004
 1.541025E-003
 1.039392E-003
-4.826686E-007
-3.394178E-007
-3.213141E-005
-1.538271E-004
 5.412518E-006
-1.382546E-004
 1.432688E-008
 4.431014E-008
-6.963920E-008
-3.226949E-008
 5.806318E-009
 7.864791E-008
-5.996939E-007
 1.084766E-007
 8.526757E-008
-4.878287E-007
-7.601200E-005
 4.917976E-006
 8.803910E-006
 7.140030E-005
 1.334189E-007
 1.196310E-007
-5.616569E-008
-5.093878E-008
-2.471960E-007
-9.628768E-007
 1.806149E-008
 3.326795E-007
