 5.242571E-001
 5.270529E-001
 5.273846E-001
 5.249549E-001
 5.311713E-001
 5.261048E-001
 5.376466E-001
 5.375672E-001
 5.367398E-001
 5.383474E-001
 5.324730E-001
 5.280891E-001
 5.389047E-001
 5.253294E-001
 5.244170E-001
 5.374700E-001
 5.286612E-001
 5.284585E-001
 5.370925E-001
 5.352712E-001
 5.370144E-001
 5.174362E-001
 5.266513E-001
 5.292871E-001
 5.361879E-001
 5.270702E-001
 5.344755E-001
 5.368985E-001
 5.288782E-001
 5.265962E-001
 5.222945E-001
 1.008738E+000
 1.002028E+000
 9.954922E-001
 1.003276E+000
 9.977980E-001
 9.935206E-001
 1.002433E+000
 9.959972E-001
 9.959834E-001
 1.003385E+000
 1.003891E+000
 9.939962E-001
 9.940029E-001
 9.962831E-001
 9.998397E-001
 9.960365E-001
 9.936349E-001
 9.941333E-001
 9.939193E-001
 9.939745E-001
 9.938324E-001
 9.973946E-001
 9.939570E-001
 9.939570E-001
 9.939569E-001
 9.939568E-001
 9.939569E-001
 9.939570E-001
 9.939587E-001
 9.939667E-001
 9.939529E-001
 9.939482E-001
 9.939569E-001
 9.939570E-001
 9.939416E-001
 9.939567E-001
 9.939568E-001
 9.939568E-001
 9.939566E-001
 9.939568E-001
 9.939568E-001
 9.973089E-001
 9.984716E-001
 9.939379E-001
 9.942418E-001
 9.973765E-001
 9.993469E-001
 9.994020E-001
 1.000834E+000
 9.988337E-001
 1.000672E+000
 9.939576E-001
 9.939193E-001
 9.939548E-001
 9.939569E-001
 9.939630E-001
 9.939856E-001
 9.937879E-001
 9.939926E-001
 9.940070E-001
 9.936697E-001
 1.000025E+000
 9.964562E-001
 9.939567E-001
 9.939567E-001
 9.939569E-001
 9.939568E-001
 9.939569E-001
 9.939569E-001
 9.939569E-001
 9.939568E-001
 9.939571E-001
 9.939548E-001
 9.939562E-001
 9.939749E-001
 9.939568E-001
 9.939567E-001
 9.939568E-001
 9.939569E-001
 9.939615E-001
 9.939572E-001
 9.939573E-001
 9.939200E-001
 9.937263E-001
 9.936302E-001
 9.936717E-001
 9.939382E-001
 9.939555E-001
 9.939415E-001
 9.939716E-001
 9.938440E-001
 9.940304E-001
 9.939568E-001
 9.939569E-001
 9.939569E-001
 9.939569E-001
 9.939569E-001
 9.939567E-001
 9.939579E-001
 9.939566E-001
 9.939589E-001
 9.939562E-001
 9.939259E-001
 9.939626E-001
 9.939646E-001
 9.939561E-001
 9.939572E-001
 9.939571E-001
 9.939568E-001
 9.939565E-001
 9.939564E-001
 9.939550E-001
 9.939569E-001
 9.939578E-001
