 5.869146E-001
 5.942256E-001
 5.950818E-001
 5.887011E-001
 6.036351E-001
 5.913800E-001
 6.169991E-001
 6.165034E-001
 6.141675E-001
 6.189869E-001
 6.072811E-001
 5.961623E-001
 6.207737E-001
 5.890656E-001
 5.876118E-001
 6.163541E-001
 5.978724E-001
 5.972358E-001
 6.159780E-001
 6.103436E-001
 6.155519E-001
 5.696430E-001
 5.945210E-001
 5.994515E-001
 6.129400E-001
 5.937448E-001
 6.108586E-001
 6.149909E-001
 5.993638E-001
 5.922865E-001
 5.819835E-001
 1.046465E+000
 1.022558E+000
 9.960932E-001
 1.027749E+000
 1.007101E+000
 9.832657E-001
 1.024702E+000
 9.988696E-001
 9.989847E-001
 1.029481E+000
 1.030203E+000
 9.841308E-001
 9.824652E-001
 1.001119E+000
 1.014723E+000
 9.987184E-001
 9.814380E-001
 9.843871E-001
 9.815922E-001
 9.823223E-001
 9.842907E-001
 1.007003E+000
 9.818711E-001
 9.818713E-001
 9.818707E-001
 9.818704E-001
 9.818709E-001
 9.818715E-001
 9.818761E-001
 9.817931E-001
 9.818568E-001
 9.818043E-001
 9.818709E-001
 9.818725E-001
 9.818431E-001
 9.818626E-001
 9.818694E-001
 9.818706E-001
 9.818695E-001
 9.818692E-001
 9.818704E-001
 1.003979E+000
 1.008500E+000
 9.851211E-001
 9.879991E-001
 1.006570E+000
 1.012880E+000
 1.015582E+000
 1.020563E+000
 1.010813E+000
 1.020124E+000
 9.818199E-001
 9.814733E-001
 9.818749E-001
 9.818739E-001
 9.819286E-001
 9.818402E-001
 9.816825E-001
 9.818613E-001
 9.819607E-001
 9.822341E-001
 1.015475E+000
 1.003163E+000
 9.818700E-001
 9.818701E-001
 9.818708E-001
 9.818704E-001
 9.818706E-001
 9.818706E-001
 9.818710E-001
 9.818703E-001
 9.818714E-001
 9.818630E-001
 9.818678E-001
 9.819583E-001
 9.818704E-001
 9.818703E-001
 9.818704E-001
 9.818685E-001
 9.819201E-001
 9.818718E-001
 9.818722E-001
 9.827248E-001
 9.820892E-001
 9.842356E-001
 9.839631E-001
 9.816859E-001
 9.818566E-001
 9.816496E-001
 9.816598E-001
 9.815283E-001
 9.819311E-001
 9.818703E-001
 9.818706E-001
 9.818711E-001
 9.818707E-001
 9.818707E-001
 9.818697E-001
 9.818782E-001
 9.818693E-001
 9.818840E-001
 9.818679E-001
 9.815796E-001
 9.819036E-001
 9.819165E-001
 9.817998E-001
 9.818718E-001
 9.818716E-001
 9.818708E-001
 9.818686E-001
 9.818683E-001
 9.818654E-001
 9.818711E-001
 9.818745E-001
