 6.544825E-001
 6.648481E-001
 6.661038E-001
 6.573841E-001
 6.777549E-001
 6.606137E-001
 6.949309E-001
 6.941440E-001
 6.904247E-001
 6.979488E-001
 6.833301E-001
 6.675545E-001
 7.008067E-001
 6.571193E-001
 6.559031E-001
 6.938333E-001
 6.700977E-001
 6.689867E-001
 6.937454E-001
 6.848690E-001
 6.929632E-001
 6.297024E-001
 6.668025E-001
 6.725041E-001
 6.887857E-001
 6.641958E-001
 6.875234E-001
 6.918906E-001
 6.731964E-001
 6.618594E-001
 6.475772E-001
 1.094392E+000
 1.055130E+000
 1.007349E+000
 1.063912E+000
 1.028423E+000
 9.792209E-001
 1.058581E+000
 1.012985E+000
 1.012941E+000
 1.066969E+000
 1.068061E+000
 9.794858E-001
 9.725175E-001
 1.017888E+000
 1.041596E+000
 1.012114E+000
 9.713838E-001
 9.790348E-001
 9.693426E-001
 9.724016E-001
 9.801544E-001
 1.029838E+000
 9.697848E-001
 9.697852E-001
 9.697844E-001
 9.697841E-001
 9.697849E-001
 9.697860E-001
 9.697851E-001
 9.697217E-001
 9.697797E-001
 9.696053E-001
 9.697852E-001
 9.697847E-001
 9.697369E-001
 9.697747E-001
 9.697819E-001
 9.697842E-001
 9.697827E-001
 9.697810E-001
 9.697840E-001
 1.021590E+000
 1.029540E+000
 9.819832E-001
 9.896849E-001
 1.028270E+000
 1.038099E+000
 1.044917E+000
 1.053652E+000
 1.034500E+000
 1.053159E+000
 9.702063E-001
 9.689931E-001
 9.697976E-001
 9.697964E-001
 9.698745E-001
 9.694575E-001
 9.709491E-001
 9.697146E-001
 9.701754E-001
 9.740863E-001
 1.042803E+000
 1.022328E+000
 9.697836E-001
 9.697838E-001
 9.697845E-001
 9.697841E-001
 9.697843E-001
 9.697841E-001
 9.697850E-001
 9.697842E-001
 9.697853E-001
 9.697848E-001
 9.697803E-001
 9.698788E-001
 9.697840E-001
 9.697835E-001
 9.697841E-001
 9.697864E-001
 9.698494E-001
 9.697865E-001
 9.697863E-001
 9.735387E-001
 9.732998E-001
 9.807597E-001
 9.797406E-001
 9.692854E-001
 9.697295E-001
 9.692344E-001
 9.696401E-001
 9.711112E-001
 9.700500E-001
 9.697838E-001
 9.697842E-001
 9.697853E-001
 9.697847E-001
 9.697844E-001
 9.697824E-001
 9.698034E-001
 9.697817E-001
 9.698136E-001
 9.697826E-001
 9.691902E-001
 9.698344E-001
 9.698494E-001
 9.693909E-001
 9.697851E-001
 9.697850E-001
 9.697850E-001
 9.697812E-001
 9.697815E-001
 9.697832E-001
 9.697847E-001
 9.697894E-001
