 1.688977E+001
 1.624989E+001
 1.596214E+001
 1.645317E+001
 1.579529E+001
 1.648587E+001
 1.492558E+001
 1.496176E+001
 1.550536E+001
 1.460041E+001
 1.470091E+001
 1.587524E+001
 1.466555E+001
 1.649094E+001
 1.674289E+001
 1.499887E+001
 1.586645E+001
 1.597106E+001
 1.494264E+001
 1.598718E+001
 1.512072E+001
 1.814656E+001
 1.520671E+001
 1.561522E+001
 1.549980E+001
 1.616103E+001
 1.483486E+001
 1.509237E+001
 1.554473E+001
 1.627422E+001
 1.740756E+001
 2.487727E+001
 2.551149E+001
 2.581263E+001
 2.455368E+001
 2.531873E+001
 2.559841E+001
 2.554065E+001
 2.600258E+001
 2.630359E+001
 2.605276E+001
 2.515654E+001
 2.563836E+001
 2.549034E+001
 2.591305E+001
 2.515657E+001
 2.580639E+001
 2.588744E+001
 2.592794E+001
 2.606070E+001
 2.615172E+001
 2.610338E+001
 2.593768E+001
 2.323064E+001
 2.511891E+001
 2.269493E+001
 2.685023E+001
 2.396587E+001
 2.506955E+001
 2.566896E+001
 3.481244E+001
 4.684350E+001
 3.605565E+001
 2.535642E+001
 2.536867E+001
 2.620587E+001
 2.580360E+001
 2.577802E+001
 2.504081E+001
 2.569293E+001
 2.555470E+001
 2.501142E+001
 2.581913E+001
 2.559447E+001
 2.459389E+001
 2.500871E+001
 1.570096E+001
 2.675492E+001
 2.708311E+001
 2.525663E+001
 2.438431E+001
 2.538619E+001
 2.611049E+001
 2.491892E+001
 2.618584E+001
 2.262384E+001
 3.686929E+001
 2.609258E+001
 3.895108E+001
 1.826398E+001
 2.843393E+001
 3.083131E+001
 3.036299E+001
 2.517325E+001
 2.586759E+001
 2.621459E+001
 2.614818E+001
 2.639681E+001
 2.723746E+001
 2.595168E+001
 2.529961E+001
 2.538262E+001
 2.506941E+001
 4.763472E+001
 4.093530E+001
 1.838809E+001
 4.990264E+001
 1.785522E+001
 2.443747E+001
 2.526233E+001
 2.601919E+001
 2.604851E+001
 2.748183E+001
 3.710857E+001
 3.898056E+001
 1.858488E+001
 2.232822E+001
