 3.967194E+000
 3.778663E+000
 3.699585E+000
 3.852668E+000
 3.625884E+000
 3.839430E+000
 3.351570E+000
 3.363093E+000
 3.505362E+000
 3.264809E+000
 3.329094E+000
 3.674642E+000
 3.277521E+000
 3.844743E+000
 3.927698E+000
 3.372632E+000
 3.660141E+000
 3.691075E+000
 3.360765E+000
 3.642976E+000
 3.408077E+000
 4.345565E+000
 3.510946E+000
 3.595321E+000
 3.509272E+000
 3.758271E+000
 3.346478E+000
 3.401431E+000
 3.582157E+000
 3.788699E+000
 4.112544E+000
 6.044279E+000
 6.291414E+000
 6.464261E+000
 6.023709E+000
 6.288514E+000
 6.461076E+000
 6.295586E+000
 6.502687E+000
 6.572890E+000
 6.396640E+000
 6.175586E+000
 6.473175E+000
 6.442807E+000
 6.465186E+000
 6.223396E+000
 6.453518E+000
 6.541820E+000
 6.544426E+000
 6.592014E+000
 6.610590E+000
 6.584845E+000
 6.449276E+000
 5.875144E+000
 6.353097E+000
 5.739818E+000
 6.790637E+000
 6.061123E+000
 6.340252E+000
 6.491929E+000
 8.804281E+000
 1.184705E+001
 9.118638E+000
 6.315416E+000
 6.309225E+000
 6.606962E+000
 6.487828E+000
 6.413366E+000
 6.209831E+000
 6.347036E+000
 6.303615E+000
 6.205998E+000
 6.368998E+000
 6.472880E+000
 6.221551E+000
 6.324792E+000
 3.970733E+000
 6.766420E+000
 6.850284E+000
 6.385362E+000
 6.167222E+000
 6.420402E+000
 6.596852E+000
 6.164341E+000
 6.524854E+000
 5.721598E+000
 9.324413E+000
 6.598928E+000
 9.850962E+000
 4.618917E+000
 7.190971E+000
 7.797423E+000
 7.679016E+000
 6.357981E+000
 6.536578E+000
 6.610720E+000
 6.597153E+000
 6.676939E+000
 6.888608E+000
 6.564667E+000
 6.400132E+000
 6.416231E+000
 6.341063E+000
 1.204719E+001
 1.035281E+001
 4.650360E+000
 1.262071E+001
 4.515532E+000
 6.180348E+000
 6.390078E+000
 6.580367E+000
 6.587772E+000
 6.951002E+000
 9.384976E+000
 9.858380E+000
 4.700161E+000
 5.646854E+000
