 1.239919E+001
 1.189344E+001
 1.167053E+001
 1.206612E+001
 1.151725E+001
 1.207222E+001
 1.081555E+001
 1.084508E+001
 1.125961E+001
 1.056650E+001
 1.067403E+001
 1.160242E+001
 1.061158E+001
 1.207936E+001
 1.228602E+001
 1.087329E+001
 1.158449E+001
 1.166772E+001
 1.083283E+001
 1.163782E+001
 1.096924E+001
 1.340154E+001
 1.110187E+001
 1.139385E+001
 1.126023E+001
 1.182777E+001
 1.076152E+001
 1.094857E+001
 1.134379E+001
 1.191513E+001
 1.280144E+001
 1.846377E+001
 1.902562E+001
 1.935333E+001
 1.827994E+001
 1.892827E+001
 1.925025E+001
 1.904507E+001
 1.948505E+001
 1.970611E+001
 1.940189E+001
 1.873328E+001
 1.928495E+001
 1.918549E+001
 1.940252E+001
 1.878192E+001
 1.934017E+001
 1.948140E+001
 1.950162E+001
 1.962215E+001
 1.968397E+001
 1.962795E+001
 1.939610E+001
 1.749029E+001
 1.891206E+001
 1.708707E+001
 2.021563E+001
 1.804387E+001
 1.887486E+001
 1.932619E+001
 2.621022E+001
 3.526842E+001
 2.714617E+001
 1.897645E+001
 1.897605E+001
 1.970163E+001
 1.937608E+001
 1.928188E+001
 1.871150E+001
 1.917097E+001
 1.905685E+001
 1.869308E+001
 1.925439E+001
 1.926896E+001
 1.851822E+001
 1.882895E+001
 1.182108E+001
 2.014374E+001
 2.039196E+001
 1.901123E+001
 1.835915E+001
 1.911289E+001
 1.964694E+001
 1.860437E+001
 1.959643E+001
 1.703331E+001
 2.775876E+001
 1.964513E+001
 2.932619E+001
 1.375074E+001
 2.140778E+001
 2.321283E+001
 2.286027E+001
 1.894130E+001
 1.946581E+001
 1.970860E+001
 1.966261E+001
 1.987529E+001
 2.050716E+001
 1.954040E+001
 1.904930E+001
 1.910428E+001
 1.887541E+001
 3.586417E+001
 3.082014E+001
 1.384425E+001
 3.757163E+001
 1.344300E+001
 1.839888E+001
 1.902101E+001
 1.958978E+001
 1.961186E+001
 2.069213E+001
 2.793896E+001
 2.934834E+001
 1.399244E+001
 1.681078E+001
