 8.990275E-001
 8.763858E-001
 8.807140E-001
 8.952368E-001
 8.655628E-001
 8.835261E-001
 8.199737E-001
 8.213777E-001
 8.346102E-001
 8.109676E-001
 8.539949E-001
 8.801902E-001
 8.154447E-001
 8.928616E-001
 8.957863E-001
 8.223172E-001
 8.768169E-001
 8.802611E-001
 8.243358E-001
 8.634735E-001
 8.313247E-001
 9.139554E-001
 8.824244E-001
 8.750682E-001
 8.345439E-001
 8.863708E-001
 8.440583E-001
 8.213675E-001
 8.760983E-001
 8.893965E-001
 9.081300E-001
 9.593868E-001
 9.508171E-001
 9.459462E-001
 9.523109E-001
 9.461888E-001
 9.449632E-001
 9.503257E-001
 9.480524E-001
 9.435492E-001
 9.496574E-001
 9.514040E-001
 9.460508E-001
 9.469665E-001
 9.470287E-001
 9.484005E-001
 9.470378E-001
 9.459449E-001
 9.460346E-001
 9.459411E-001
 9.466935E-001
 9.452758E-001
 9.475017E-001
 9.461075E-001
 9.461030E-001
 9.461025E-001
 9.461091E-001
 9.461020E-001
 9.460872E-001
 9.461076E-001
 9.461350E-001
 9.460447E-001
 9.460933E-001
 9.460922E-001
 9.460991E-001
 9.459685E-001
 9.460860E-001
 9.460986E-001
 9.460877E-001
 9.460954E-001
 9.460977E-001
 9.461057E-001
 9.477702E-001
 9.475807E-001
 9.467020E-001
 9.446320E-001
 9.477280E-001
 9.473446E-001
 9.504174E-001
 9.463106E-001
 9.469402E-001
 9.493490E-001
 9.459802E-001
 9.460822E-001
 9.460782E-001
 9.461052E-001
 9.461348E-001
 9.460774E-001
 9.458277E-001
 9.462555E-001
 9.460585E-001
 9.462325E-001
 9.484221E-001
 9.429950E-001
 9.461006E-001
 9.461129E-001
 9.461081E-001
 9.461040E-001
 9.461091E-001
 9.461046E-001
 9.460868E-001
 9.461032E-001
 9.461026E-001
 9.460628E-001
 9.460970E-001
 9.461147E-001
 9.461068E-001
 9.460880E-001
 9.460943E-001
 9.460645E-001
 9.461652E-001
 9.460964E-001
 9.460984E-001
 9.458131E-001
 9.459042E-001
 9.454919E-001
 9.459902E-001
 9.461322E-001
 9.460724E-001
 9.460150E-001
 9.460020E-001
 9.467325E-001
 9.462269E-001
 9.461023E-001
 9.461028E-001
 9.461029E-001
 9.461042E-001
 9.461060E-001
 9.460978E-001
 9.461133E-001
 9.460985E-001
 9.461240E-001
 9.460910E-001
 9.463311E-001
 9.460438E-001
 9.460503E-001
 9.457052E-001
 9.460922E-001
 9.460949E-001
 9.461011E-001
 9.460922E-001
 9.460935E-001
 9.461299E-001
 9.460920E-001
 9.461040E-001
