 3.962612E-002
 4.026110E-002
 4.086375E-002
 4.063426E-002
 4.315606E-002
 3.966175E-002
 5.149015E-002
 5.147777E-002
 4.936767E-002
 5.248700E-002
 4.336014E-002
 4.195034E-002
 5.121261E-002
 3.874215E-002
 3.851889E-002
 5.117767E-002
 4.111243E-002
 4.174257E-002
 5.046915E-002
 4.449845E-002
 5.038941E-002
 3.498495E-002
 3.926543E-002
 4.229904E-002
 4.938459E-002
 4.136482E-002
 4.472990E-002
 5.117057E-002
 4.269205E-002
 4.099014E-002
 3.789654E-002
 1.453689E-002
 9.204741E-003
 2.070315E-003
 6.982565E-003
 1.531076E-003
 9.130956E-005
 1.047429E-002
 2.618425E-003
 1.658145E-003
 9.341133E-003
 1.051844E-002
 4.145928E-004
 4.254318E-005
 2.112149E-003
 4.395298E-003
 2.109279E-003
-3.817974E-004
 9.079514E-005
 7.725220E-006
-2.079385E-005
 6.514747E-006
 5.039815E-003
-8.160302E-008
-9.718182E-008
-3.410425E-008
 5.800507E-009
-5.552465E-008
-1.439687E-007
-4.593520E-007
 4.005287E-005
 2.359906E-006
 2.393818E-007
-7.142682E-008
-1.157149E-007
 1.284231E-006
 1.123482E-006
 2.015424E-007
-1.714902E-009
 1.520186E-007
 1.913621E-007
 3.083399E-008
 1.433910E-003
 4.673101E-003
-4.451432E-004
-3.513357E-004
 3.503092E-003
 4.498301E-003
 4.147049E-003
 7.916600E-003
 3.676391E-003
 7.648394E-003
-1.480274E-005
 6.938188E-005
-9.903352E-007
-8.854709E-007
-6.951527E-006
-7.337195E-006
-3.057518E-005
 5.299514E-006
-1.212867E-006
-8.216723E-006
 3.968990E-003
 3.003565E-003
 8.786634E-008
 5.412351E-008
-3.943660E-008
-4.715110E-009
-1.391073E-008
-2.206865E-008
-5.505903E-008
 2.993409E-008
-1.244065E-007
 1.158699E-007
 4.417749E-007
-1.251365E-005
 2.159652E-008
 5.526091E-008
 3.428943E-008
-4.189956E-007
-7.621326E-006
-3.152539E-007
-3.728772E-007
-5.803290E-004
-3.138222E-005
 5.379145E-005
 1.911609E-004
 6.001633E-005
 8.604259E-006
 5.968332E-005
 9.988678E-005
-4.051553E-004
 1.245679E-005
 5.843826E-008
 1.032900E-008
-8.232462E-008
-3.846621E-008
-3.349467E-008
 1.529021E-007
-2.069496E-006
 1.977309E-007
-2.968639E-006
 7.397285E-008
 1.635769E-005
-3.716134E-006
-5.172635E-006
 3.658718E-006
-1.321548E-007
-9.163459E-008
-4.832297E-008
 3.007722E-007
 3.368110E-007
 3.756591E-007
-1.258295E-007
-2.842622E-007
