 3.690900E-002
 6.331903E-002
 5.248336E-002
 4.165127E-002
 7.908043E-002
 5.606536E-002
 1.369252E-001
 1.339488E-001
 1.190837E-001
 1.466632E-001
 8.186362E-002
 5.760140E-002
 1.423290E-001
 3.945479E-002
 4.072683E-002
 1.328289E-001
 6.170996E-002
 5.434682E-002
 1.309831E-001
 8.138857E-002
 1.226095E-001
 2.092838E-002
 4.192769E-002
 6.455490E-002
 1.188813E-001
 5.036781E-002
 9.831610E-002
 1.356346E-001
 6.216996E-002
 4.708424E-002
 2.603998E-002
-3.149423E-002
-8.621486E-003
 1.752784E-003
-2.283385E-002
-6.770555E-003
 6.438581E-004
-9.557118E-003
 8.100750E-004
 3.859682E-003
-1.176301E-002
-1.613009E-002
-9.122380E-004
-1.742531E-004
-1.411682E-003
-1.261414E-002
-2.548821E-004
 9.396853E-004
-2.743338E-004
-2.424696E-005
-2.137868E-004
 1.341829E-003
-2.022700E-003
 3.903289E-008
 4.501659E-008
 3.978229E-008
 9.564992E-009
 7.495742E-008
-4.969204E-008
 1.990074E-006
-5.143937E-005
-6.264036E-006
 1.103368E-005
-1.305602E-007
 1.406699E-006
 4.913855E-005
-5.863467E-006
-9.182512E-008
 5.232768E-008
-4.951347E-008
-9.464280E-008
-5.176243E-008
-4.804549E-003
-4.417200E-003
 6.748949E-004
 2.583636E-003
-4.489874E-003
-7.125262E-003
-1.219053E-002
-2.868153E-003
-5.543799E-003
-6.038944E-003
-1.178952E-004
-1.537581E-004
 5.443631E-006
 1.648695E-007
 2.181164E-005
-4.577039E-005
 3.371813E-004
-1.028277E-004
-1.348610E-004
 5.849990E-004
-1.216968E-002
 3.801087E-003
-4.726612E-008
-6.161782E-008
 1.817875E-008
-1.194273E-008
-3.394308E-009
 4.514907E-008
-5.551787E-008
-8.963750E-008
 8.962119E-009
-3.588714E-006
-2.471994E-008
 2.310152E-005
-1.359071E-008
 1.541203E-007
-3.733293E-008
-2.089706E-006
 1.979622E-005
-7.689263E-008
 3.524996E-007
 1.772938E-004
 4.511119E-004
 2.428530E-003
 1.639368E-003
-4.494592E-007
-4.973281E-007
-5.056606E-005
-2.424932E-004
 7.847485E-006
-2.179490E-004
 2.286163E-008
 6.986100E-008
-1.101893E-007
-5.092071E-008
 9.065395E-009
 1.244248E-007
-9.545006E-007
 1.718668E-007
 1.256186E-007
-7.675289E-007
-1.195426E-004
 7.712121E-006
 1.384645E-005
 1.124803E-004
 2.093117E-007
 1.880253E-007
-8.887881E-008
-7.762430E-008
-3.885332E-007
-1.514335E-006
 2.784317E-008
 5.220075E-007
