 3.368043E+000
 3.250336E+000
 3.201892E+000
 3.294967E+000
 3.161704E+000
 3.296008E+000
 2.994174E+000
 3.003978E+000
 3.087008E+000
 2.943017E+000
 2.990578E+000
 3.196801E+000
 2.951409E+000
 3.293070E+000
 3.350898E+000
 3.008610E+000
 3.178766E+000
 3.202059E+000
 3.001177E+000
 3.172626E+000
 3.030668E+000
 3.581349E+000
 3.104247E+000
 3.145016E+000
 3.090392E+000
 3.237850E+000
 2.998036E+000
 3.024286E+000
 3.140898E+000
 3.259373E+000
 3.451343E+000
 4.610023E+000
 4.750546E+000
 4.903297E+000
 4.599520E+000
 4.777848E+000
 4.869416E+000
 4.762358E+000
 4.888928E+000
 4.910973E+000
 4.810582E+000
 4.695458E+000
 4.852363E+000
 4.864517E+000
 4.859335E+000
 4.708470E+000
 4.844460E+000
 4.881235E+000
 4.860824E+000
 4.864165E+000
 4.861710E+000
 4.885227E+000
 4.882612E+000
 4.864486E+000
 4.864487E+000
 4.864487E+000
 4.864487E+000
 4.864488E+000
 4.864485E+000
 4.864521E+000
 4.863032E+000
 4.864372E+000
 4.864782E+000
 4.864483E+000
 4.864522E+000
 4.865608E+000
 4.864351E+000
 4.864486E+000
 4.864489E+000
 4.864488E+000
 4.864485E+000
 4.864486E+000
 4.750799E+000
 4.751108E+000
 4.880243E+000
 4.894168E+000
 4.848695E+000
 4.708169E+000
 4.799360E+000
 4.771841E+000
 4.698615E+000
 4.812239E+000
 4.861694E+000
 4.861811E+000
 4.864628E+000
 4.864483E+000
 4.864941E+000
 4.863226E+000
 4.873645E+000
 4.861847E+000
 4.860995E+000
 4.885097E+000
 4.671870E+000
 4.901566E+000
 4.864488E+000
 4.864487E+000
 4.864487E+000
 4.864487E+000
 4.864487E+000
 4.864487E+000
 4.864486E+000
 4.864486E+000
 4.864485E+000
 4.864413E+000
 4.864493E+000
 4.864838E+000
 4.864488E+000
 4.864493E+000
 4.864487E+000
 4.864426E+000
 4.864925E+000
 4.864480E+000
 4.864490E+000
 4.859096E+000
 4.874322E+000
 4.911373E+000
 4.903979E+000
 4.865370E+000
 4.864567E+000
 4.863793E+000
 4.859209E+000
 4.863332E+000
 4.859467E+000
 4.864488E+000
 4.864488E+000
 4.864484E+000
 4.864486E+000
 4.864487E+000
 4.864490E+000
 4.864445E+000
 4.864492E+000
 4.864470E+000
 4.864478E+000
 4.862951E+000
 4.864538E+000
 4.864680E+000
 4.866533E+000
 4.864488E+000
 4.864489E+000
 4.864485E+000
 4.864492E+000
 4.864482E+000
 4.864465E+000
 4.864487E+000
 4.864490E+000
