 5.182684E-002
 8.824225E-002
 7.324458E-002
 5.841118E-002
 1.097258E-001
 7.823908E-002
 1.876181E-001
 1.834391E-001
 1.633504E-001
 2.008029E-001
 1.135585E-001
 8.037170E-002
 1.951550E-001
 5.524685E-002
 5.712655E-002
 1.820017E-001
 8.599475E-002
 7.576785E-002
 1.795782E-001
 1.124576E-001
 1.682928E-001
 2.961989E-002
 5.869164E-002
 8.999369E-002
 1.630232E-001
 7.038007E-002
 1.357863E-001
 1.857403E-001
 8.679676E-002
 6.598449E-002
 3.685843E-002
-4.387067E-002
-1.204532E-002
 2.466563E-003
-3.195007E-002
-9.491607E-003
 9.019605E-004
-1.335580E-002
 1.142749E-003
 5.371075E-003
-1.632331E-002
-2.251869E-002
-1.274107E-003
-2.420306E-004
-1.956910E-003
-1.760079E-002
-3.737051E-004
 1.317529E-003
-3.860258E-004
-3.379343E-005
-2.990827E-004
 1.878020E-003
-2.775590E-003
 5.399694E-008
 6.237919E-008
 5.544344E-008
 1.348315E-008
 1.047295E-007
-7.053746E-008
 2.784218E-006
-7.228810E-005
-8.760775E-006
 1.547293E-005
-1.838866E-007
 1.973615E-006
 6.893774E-005
-8.220882E-006
-1.278214E-007
 7.357746E-008
-6.820696E-008
-1.321388E-007
-7.235164E-008
-6.757739E-003
-6.206041E-003
 9.444680E-004
 3.603699E-003
-6.251876E-003
-1.000252E-002
-1.698422E-002
-4.077727E-003
-7.813553E-003
-8.439324E-003
-1.651863E-004
-2.149948E-004
 7.640312E-006
 2.272711E-007
 3.054190E-005
-6.436402E-005
 4.734628E-004
-1.444074E-004
-1.894143E-004
 8.252041E-004
-1.700272E-002
 5.278038E-003
-6.540993E-008
-8.592751E-008
 2.511305E-008
-1.681055E-008
-4.828484E-009
 6.297182E-008
-7.794811E-008
-1.252202E-007
 1.161630E-008
-5.027106E-006
-3.120438E-008
 3.227072E-005
-1.857472E-008
 2.172422E-007
-5.201215E-008
-2.937483E-006
 2.774393E-005
-1.109744E-007
 4.910224E-007
 2.436624E-004
 6.329066E-004
 3.398171E-003
 2.295890E-003
-1.704941E-007
-6.408805E-007
-7.064602E-005
-3.394078E-004
 1.001757E-005
-3.050646E-004
 3.240430E-008
 9.779718E-008
-1.548330E-007
-7.134986E-008
 1.255889E-008
 1.748118E-007
-1.349437E-006
 2.418352E-007
 1.627570E-007
-1.072131E-006
-1.669138E-004
 1.073534E-005
 1.933387E-005
 1.573254E-004
 2.914951E-007
 2.623526E-007
-1.248978E-007
-1.047515E-007
-5.421442E-007
-2.114275E-006
 3.805688E-008
 7.270719E-007
