 4.874620E-002
 4.836661E-002
 4.894290E-002
 4.909218E-002
 4.955813E-002
 4.805632E-002
 5.295427E-002
 5.283782E-002
 5.172984E-002
 5.349018E-002
 4.924604E-002
 4.906948E-002
 5.286576E-002
 4.755487E-002
 4.767831E-002
 5.275888E-002
 4.861655E-002
 4.901704E-002
 5.261550E-002
 4.916186E-002
 5.232832E-002
 4.712994E-002
 4.819220E-002
 4.907270E-002
 5.189164E-002
 4.905562E-002
 4.967662E-002
 5.290899E-002
 4.947985E-002
 4.865465E-002
 4.781752E-002
 2.947274E-002
 2.107971E-002
 1.022499E-002
 2.179942E-002
 1.286536E-002
 1.921378E-003
 2.448229E-002
 1.155214E-002
 1.062722E-002
 2.415534E-002
 2.528391E-002
 2.886778E-003
 4.595340E-004
 1.212045E-002
 1.694184E-002
 1.201646E-002
-1.109141E-003
 1.909298E-003
 2.426451E-007
 2.534602E-004
 1.680720E-003
 1.647975E-002
-5.142170E-008
-7.040550E-008
-7.537529E-009
 1.066532E-008
-5.121898E-008
-1.412852E-007
 1.223866E-006
-9.938335E-005
-2.930564E-006
 1.298152E-005
-1.435829E-007
 5.183215E-007
-8.328553E-008
-6.947461E-007
 2.436655E-007
-4.465021E-009
 1.254748E-007
 2.756940E-007
 4.440087E-009
 1.212790E-002
 1.622176E-002
 2.481663E-003
 2.263611E-003
 1.603190E-002
 1.775374E-002
 1.751572E-002
 2.119277E-002
 1.636465E-002
 2.072594E-002
-2.880904E-004
-4.013088E-005
 1.013937E-006
-1.175693E-006
 6.621375E-006
-1.984067E-005
-5.631608E-005
-5.162434E-005
 6.663909E-007
 6.815807E-004
 1.761479E-002
 1.366675E-002
 5.625204E-008
 1.553809E-008
-2.522744E-008
-2.210198E-008
-1.801348E-008
 1.209287E-008
-7.015562E-008
-3.946614E-008
-6.009338E-008
-3.102055E-006
 1.384082E-007
 1.566601E-005
-2.435939E-009
 1.322923E-007
 3.457224E-008
-2.097752E-006
 5.149727E-006
-3.465497E-007
-1.844497E-007
-3.710550E-004
 3.325635E-004
 2.302709E-003
 2.357698E-003
 4.084006E-005
 1.091852E-005
 2.387694E-005
 1.495525E-004
-1.215623E-003
 7.683335E-005
 9.391894E-008
 9.593644E-008
-1.712692E-007
-1.056179E-007
-4.035263E-008
 2.912738E-007
-2.539026E-006
 2.968476E-007
-2.282761E-006
-8.435693E-007
-1.184370E-004
 3.119683E-006
 5.144670E-006
-2.406503E-005
 1.639102E-007
 1.633953E-007
-8.824897E-008
-1.414029E-007
-2.531979E-007
 4.010874E-006
 7.986214E-008
-3.391143E-007
