 1.079149E+000
 1.044996E+000
 1.028864E+000
 1.052595E+000
 1.026987E+000
 1.062142E+000
 9.849911E-001
 9.877789E-001
 1.018071E+000
 9.668983E-001
 9.688656E-001
 1.028079E+000
 9.720361E-001
 1.059496E+000
 1.073553E+000
 9.893433E-001
 1.026977E+000
 1.033720E+000
 9.854740E-001
 1.044445E+000
 9.960405E-001
 1.135618E+000
 9.897061E-001
 1.014353E+000
 1.016899E+000
 1.039342E+000
 9.789005E-001
 9.931592E-001
 1.010750E+000
 1.047005E+000
 1.105924E+000
 1.543674E+000
 1.557666E+000
 1.569826E+000
 1.510073E+000
 1.545480E+000
 1.530061E+000
 1.563588E+000
 1.569210E+000
 1.580700E+000
 1.596382E+000
 1.548036E+000
 1.521726E+000
 1.521784E+000
 1.564714E+000
 1.529746E+000
 1.550636E+000
 1.529483E+000
 1.525777E+000
 1.518770E+000
 1.520423E+000
 1.537722E+000
 1.585708E+000
 1.519347E+000
 1.519347E+000
 1.519347E+000
 1.519348E+000
 1.519348E+000
 1.519347E+000
 1.519350E+000
 1.518693E+000
 1.519310E+000
 1.519388E+000
 1.519347E+000
 1.519358E+000
 1.519789E+000
 1.519290E+000
 1.519345E+000
 1.519348E+000
 1.519348E+000
 1.519345E+000
 1.519347E+000
 1.525625E+000
 1.530354E+000
 1.537529E+000
 1.552769E+000
 1.569487E+000
 1.521713E+000
 1.572367E+000
 1.566074E+000
 1.516147E+000
 1.582755E+000
 1.518620E+000
 1.517517E+000
 1.519421E+000
 1.519359E+000
 1.519570E+000
 1.518416E+000
 1.524609E+000
 1.518131E+000
 1.518167E+000
 1.531921E+000
 1.514680E+000
 1.586383E+000
 1.519348E+000
 1.519348E+000
 1.519347E+000
 1.519348E+000
 1.519348E+000
 1.519347E+000
 1.519347E+000
 1.519348E+000
 1.519347E+000
 1.519336E+000
 1.519349E+000
 1.519503E+000
 1.519348E+000
 1.519349E+000
 1.519347E+000
 1.519331E+000
 1.519564E+000
 1.519346E+000
 1.519348E+000
 1.522088E+000
 1.526997E+000
 1.549332E+000
 1.544689E+000
 1.519181E+000
 1.519314E+000
 1.518494E+000
 1.516621E+000
 1.521195E+000
 1.517059E+000
 1.519347E+000
 1.519347E+000
 1.519347E+000
 1.519348E+000
 1.519347E+000
 1.519348E+000
 1.519347E+000
 1.519348E+000
 1.519364E+000
 1.519349E+000
 1.518211E+000
 1.519393E+000
 1.519451E+000
 1.519735E+000
 1.519346E+000
 1.519346E+000
 1.519348E+000
 1.519348E+000
 1.519345E+000
 1.519346E+000
 1.519348E+000
 1.519347E+000
