 8.977164E-001
 8.757907E-001
 8.807883E-001
 8.936704E-001
 8.662438E-001
 8.829656E-001
 8.270210E-001
 8.286079E-001
 8.408663E-001
 8.187557E-001
 8.558898E-001
 8.795015E-001
 8.223532E-001
 8.927027E-001
 8.941363E-001
 8.294658E-001
 8.764905E-001
 8.805468E-001
 8.308456E-001
 8.665773E-001
 8.371011E-001
 9.120464E-001
 8.825710E-001
 8.742349E-001
 8.407980E-001
 8.855552E-001
 8.475709E-001
 8.284908E-001
 8.749984E-001
 8.880444E-001
 9.063835E-001
 9.604985E-001
 9.505902E-001
 9.451693E-001
 9.534386E-001
 9.462552E-001
 9.441046E-001
 9.503759E-001
 9.472883E-001
 9.428122E-001
 9.497813E-001
 9.520835E-001
 9.453504E-001
 9.463433E-001
 9.465515E-001
 9.488286E-001
 9.466844E-001
 9.452310E-001
 9.453432E-001
 9.452297E-001
 9.460678E-001
 9.445125E-001
 9.466695E-001
 9.454615E-001
 9.454563E-001
 9.454557E-001
 9.454633E-001
 9.454551E-001
 9.454380E-001
 9.454610E-001
 9.454613E-001
 9.453886E-001
 9.454396E-001
 9.454438E-001
 9.454516E-001
 9.452953E-001
 9.454363E-001
 9.454511E-001
 9.454386E-001
 9.454475E-001
 9.454500E-001
 9.454594E-001
 9.477836E-001
 9.475494E-001
 9.460437E-001
 9.438494E-001
 9.473902E-001
 9.475232E-001
 9.505032E-001
 9.459695E-001
 9.470697E-001
 9.490545E-001
 9.452760E-001
 9.454149E-001
 9.454271E-001
 9.454588E-001
 9.454906E-001
 9.454158E-001
 9.451139E-001
 9.456109E-001
 9.453742E-001
 9.455058E-001
 9.488928E-001
 9.424116E-001
 9.454535E-001
 9.454678E-001
 9.454622E-001
 9.454574E-001
 9.454633E-001
 9.454581E-001
 9.454376E-001
 9.454565E-001
 9.454558E-001
 9.454097E-001
 9.454493E-001
 9.454666E-001
 9.454606E-001
 9.454389E-001
 9.454462E-001
 9.454118E-001
 9.455258E-001
 9.454487E-001
 9.454509E-001
 9.451450E-001
 9.451710E-001
 9.447045E-001
 9.452060E-001
 9.454725E-001
 9.454192E-001
 9.453435E-001
 9.452992E-001
 9.461018E-001
 9.455635E-001
 9.454555E-001
 9.454560E-001
 9.454562E-001
 9.454577E-001
 9.454597E-001
 9.454502E-001
 9.454682E-001
 9.454510E-001
 9.454806E-001
 9.454425E-001
 9.456968E-001
 9.453877E-001
 9.453943E-001
 9.449856E-001
 9.454437E-001
 9.454469E-001
 9.454541E-001
 9.454437E-001
 9.454452E-001
 9.454872E-001
 9.454436E-001
 9.454574E-001
