 3.697064E+000
 3.611680E+000
 3.571349E+000
 3.630677E+000
 3.566655E+000
 3.654544E+000
 3.461664E+000
 3.468634E+000
 3.544364E+000
 3.416432E+000
 3.421351E+000
 3.569386E+000
 3.429276E+000
 3.647930E+000
 3.683073E+000
 3.472545E+000
 3.566630E+000
 3.583488E+000
 3.462872E+000
 3.610301E+000
 3.489288E+000
 3.838238E+000
 3.473454E+000
 3.535071E+000
 3.541435E+000
 3.597544E+000
 3.446438E+000
 3.482085E+000
 3.526063E+000
 3.616701E+000
 3.764001E+000
 4.858377E+000
 4.893359E+000
 4.923764E+000
 4.774376E+000
 4.862897E+000
 4.824354E+000
 4.908165E+000
 4.922224E+000
 4.950949E+000
 4.990150E+000
 4.869283E+000
 4.803516E+000
 4.803663E+000
 4.910983E+000
 4.823560E+000
 4.875789E+000
 4.822910E+000
 4.813643E+000
 4.796129E+000
 4.800261E+000
 4.843507E+000
 4.963468E+000
 4.797570E+000
 4.797571E+000
 4.797571E+000
 4.797572E+000
 4.797573E+000
 4.797571E+000
 4.797579E+000
 4.795934E+000
 4.797479E+000
 4.797674E+000
 4.797570E+000
 4.797597E+000
 4.798675E+000
 4.797427E+000
 4.797565E+000
 4.797573E+000
 4.797573E+000
 4.797564E+000
 4.797571E+000
 4.813261E+000
 4.825082E+000
 4.843023E+000
 4.881123E+000
 4.922915E+000
 4.803479E+000
 4.930114E+000
 4.914380E+000
 4.789564E+000
 4.956082E+000
 4.795754E+000
 4.792995E+000
 4.797756E+000
 4.797601E+000
 4.798129E+000
 4.795244E+000
 4.810725E+000
 4.794530E+000
 4.794619E+000
 4.829005E+000
 4.785896E+000
 4.965155E+000
 4.797573E+000
 4.797572E+000
 4.797571E+000
 4.797572E+000
 4.797572E+000
 4.797571E+000
 4.797570E+000
 4.797572E+000
 4.797569E+000
 4.797543E+000
 4.797576E+000
 4.797960E+000
 4.797573E+000
 4.797575E+000
 4.797571E+000
 4.797531E+000
 4.798112E+000
 4.797568E+000
 4.797574E+000
 4.804421E+000
 4.816694E+000
 4.872530E+000
 4.860924E+000
 4.797154E+000
 4.797487E+000
 4.795438E+000
 4.790754E+000
 4.802190E+000
 4.791851E+000
 4.797571E+000
 4.797571E+000
 4.797570E+000
 4.797572E+000
 4.797571E+000
 4.797572E+000
 4.797570E+000
 4.797573E+000
 4.797613E+000
 4.797576E+000
 4.794730E+000
 4.797685E+000
 4.797831E+000
 4.798541E+000
 4.797567E+000
 4.797569E+000
 4.797572E+000
 4.797573E+000
 4.797566E+000
 4.797567E+000
 4.797573E+000
 4.797570E+000
